 STATE LISTING OF AQU MEM  
  POS     ADDR DATA OE WE  OP             CE      
 0000 T   3    F    1  1   0        00000000 0000                             
 0001     3    C    1  1   0        00000000 0000                             
 0002     4    C    1  1   0        00000000 0000                             
 0003     4    0    1  1   0        00000000 0000                             
 0004     5    0    1  1   0        00000000 0000                             
 0005     5    8    1  1   0        00000000 0000                             
 0006     3    F    1  1   0        00000000 0000                             
 0007     3    C    1  1   0        00000000 0000                             
 0008     4    C    1  1   0        00000000 0000                             
 0009     4    0    1  1   0        00000000 0000                             
 0010     5    0    1  1   0        00000000 0000                             
 0011     5    8    1  1   0        00000000 0000                             
 0012     3    F    0  1   1        00000000 0000                             
 0013     3    0    0  1   1        00000000 0000                             
 0014     4    0    0  1   1        00000000 0000                             
 0015     4    0    0  1   1        00000000 0000                             
 0016     5    0    0  1   1        00000000 0000                             
 0017     5    0    0  1   1        00000000 0000                             
 0018     6    0    0  1   1        00000000 0000                             
 0019     6    0    0  1   1        00000000 0000                             
 0020     7    0    0  1   1        00000000 0000                             
 0021     7    0    0  1   1        00000000 0000                             
 0022     8    0    0  1   1        00000000 0000                             
 0023     8    0    0  1   1        00000000 0000                             
 0024     9    0    0  1   1        00000000 0000                             
 0025     9    0    0  1   1        00000000 0000                             
 0026     A    0    0  1   1        00000000 0000                             
 0027     A    0    0  1   1        00000000 0000                             
 0028     B    0    0  1   1        00000000 0000                             
 0029     B    0    0  1   1        00000000 0000                             
 0030     C    0    0  1   1        00000000 0000                             
 0031     C    0    0  1   1        00000000 0000                             
 0032     3    9    1  1   0        00000000 0000                             
 0033     3    D    1  1   0        00000000 0000                             
 0034     3    F    0  1   1        00000000 0000                             
 0035     3    F    0  1   1        00000000 0000                             
 0036     4    F    0  1   1        00000000 0000                             
 0037     4    F    0  1   1        00000000 0000                             
 0038     5    F    0  1   1        00000000 0000                             
 0039     5    F    0  1   1        00000000 0000                             
 0040     6    F    0  1   1        00000000 0000                             
 0041     6    F    0  1   1        00000000 0000                             
 0042     7    F    0  1   1        00000000 0000                             
 0043     7    F    0  1   1        00000000 0000                             
 0044     8    F    0  1   1        00000000 0000                             
 0045     8    F    0  1   1        00000000 0000                             
 0046     9    F    0  1   1        00000000 0000                             
 0047     9    F    0  1   1        00000000 0000                             
 0048     A    F    0  1   1        00000000 0000                             
 0049     A    F    0  1   1        00000000 0000                             
 0050     B    F    0  1   1        00000000 0000                             
 0051     B    F    0  1   1        00000000 0000                             
 0052     C    F    0  1   1        00000000 0000                             
 0053     C    F    0  1   1        00000000 0000                             
 0054     3    F    1  1   0        00000000 0000                             
 0055     3    E    1  1   0        00000000 0000                             
 0056     4    E    1  1   0        00000000 0000                             
 0057     4    0    1  1   0        00000000 0000                             
 0058     5    0    1  1   0        00000000 0000                             
 0059     5    8    1  1   0        00000000 0000                             
 0060     3    F    0  1   1        00000000 0000                             
 0061     3    0    0  1   1        00000000 0000                             
 0062     4    0    0  1   1        00000000 0000                             
 0063     4    0    0  1   1        00000000 0000                             
 0064     5    0    0  1   1        00000000 0000                             
 0065     5    0    0  1   1        00000000 0000                             
 0066     6    0    0  1   1        00000000 0000                             
 0067     6    0    0  1   1        00000000 0000                             
 0068     7    0    0  1   1        00000000 0000                             
 0069     7    0    0  1   1        00000000 0000                             
 0070     8    0    0  1   1        00000000 0000                             
 0071     8    0    0  1   1        00000000 0000                             
 0072     9    0    0  1   1        00000000 0000                             
 0073     9    0    0  1   1        00000000 0000                             
 0074     A    0    0  1   1        00000000 0000                             
 0075     A    0    0  1   1        00000000 0000                             
 0076     B    0    0  1   1        00000000 0000                             
 0077     B    0    0  1   1        00000000 0000                             
 0078     C    0    0  1   1        00000000 0000                             
 0079     C    0    0  1   1        00000000 0000                             
 0080     3    F    1  1   0        00000000 0000                             
 0081     3    F    1  1   0        00000000 0000                             
 0082     3    F    0  1   1        00000000 0000                             
 0083     3    F    0  1   1        00000000 0000                             
 0084     4    F    0  1   1        00000000 0000                             
 0085     4    F    0  1   1        00000000 0000                             
 0086     5    F    0  1   1        00000000 0000                             
 0087     5    F    0  1   1        00000000 0000                             
 0088     6    F    0  1   1        00000000 0000                             
 0089     6    F    0  1   1        00000000 0000                             
 0090     7    F    0  1   1        00000000 0000                             
 0091     7    F    0  1   1        00000000 0000                             
 0092     8    F    0  1   1        00000000 0000                             
 0093     8    F    0  1   1        00000000 0000                             
 0094     9    F    0  1   1        00000000 0000                             
 0095     9    F    0  1   1        00000000 0000                             
 0096     A    F    0  1   1        00000000 0000                             
 0097     A    F    0  1   1        00000000 0000                             
 0098     B    F    0  1   1        00000000 0000                             
 0099     B    F    0  1   1        00000000 0000                             
 0100     C    F    0  1   1        00000000 0000                             
 0101     C    F    0  1   1        00000000 0000                             
 0102     9    F    1  1   0        00000000 0000                             
 0103     9    0    1  1   0        00000000 0000                             
 0104     A    0    1  1   0        00000000 0000                             
 0105     A    0    1  1   0        00000000 0000                             
 0106     B    0    1  1   0        00000000 0000                             
 0107     B    0    1  1   0        00000000 0000                             
 0108     1    B    1  1   1        00000000 0000                             
 0109     1    A    1  0   1        00000000 0000                             
 0110     2    A    1  1   1        00000000 0000                             
 0111     2    B    1  0   1        00000000 0000                             
 0112     3    B    1  1   1        00000000 0000                             
 0113     3    F    1  0   1        00000000 0000                             
 0114     4    F    1  1   1        00000000 0000                             
 0115     4    F    1  0   1        00000000 0000                             
 0116     5    F    1  1   1        00000000 0000                             
 0117     5    F    1  0   1        00000000 0000                             
 0118     6    F    1  1   1        00000000 0000                             
 0119     6    F    1  0   1        00000000 0000                             
 0120     6    F    1  1   1        00000000 0000                             
 0121     7    F    1  0   1        00000000 0000                             
 0122     8    F    1  1   1        00000000 0000                             
 0123     8    F    1  0   1        00000000 0000                             
 0124     9    F    1  1   1        00000000 0000                             
 0125     9    F    1  0   1        00000000 0000                             
 0126     A    F    1  1   1        00000000 0000                             
 0127     A    F    1  0   1        00000000 0000                             
 0128     A    F    1  1   1        00000000 0000                             
 0129     B    F    1  0   1        00000000 0000                             
 0130     C    F    1  1   1        00000000 0000                             
 0131     C    F    1  0   1        00000000 0000                             
 0132     9    F    1  1   0        00000000 0000                             
 0133     9    0    1  1   0        00000000 0000                             
 0134     A    0    1  1   0        00000000 0000                             
 0135     A    0    1  1   0        00000000 0000                             
 0136     B    0    1  1   0        00000000 0000                             
 0137     B    4    1  1   0        00000000 0000                             
 0138     1    0    1  1   1        00000000 0000                             
 0139     1    0    1  0   1        00000000 0000                             
 0140     2    0    1  1   1        00000000 0000                             
 0141     2    0    1  0   1        00000000 0000                             
 0142     3    0    1  1   1        00000000 0000                             
 0143     3    0    1  0   1        00000000 0000                             
 0144     4    0    1  1   1        00000000 0000                             
 0145     4    0    1  0   1        00000000 0000                             
 0146     5    0    1  1   1        00000000 0000                             
 0147     5    0    1  0   1        00000000 0000                             
 0148     6    0    1  1   1        00000000 0000                             
 0149     6    0    1  0   1        00000000 0000                             
 0150     7    0    1  1   1        00000000 0000                             
 0151     7    0    1  0   1        00000000 0000                             
 0152     8    0    1  1   1        00000000 0000                             
 0153     8    0    1  0   1        00000000 0000                             
 0154     9    0    1  1   1        00000000 0000                             
 0155     9    0    1  0   1        00000000 0000                             
 0156     A    0    1  1   1        00000000 0000                             
 0157     A    8    1  0   1        00000000 0000                             
 0158     B    8    1  1   1        00000000 0000                             
 0159     B    0    1  0   1        00000000 0000                             
 0160     C    0    1  1   1        00000000 0000                             
 0161     C    0    1  0   1        00000000 0000                             
 0162     3    F    1  1   0        00000000 0000                             
 0163     3    C    1  1   0        00000000 0000                             
 0164     4    C    1  1   0        00000000 0000                             
 0165     4    0    1  1   0        00000000 0000                             
 0166     5    0    1  1   0        00000000 0000                             
 0167     5    8    1  1   0        00000000 0000                             
 0168     0    B    1  1   0        00000000 0000                             
 0169     0    B    1  1   0        00000000 0000                             
 0170     3    F    1  1   0        00000000 0000                             
 0171     3    C    1  1   0        00000000 0000                             
 0172     4    C    1  1   0        00000000 0000                             
 0173     4    0    1  1   0        00000000 0000                             
 0174     5    0    1  1   0        00000000 0000                             
 0175     5    8    1  1   0        00000000 0000                             
 0176     3    F    0  1   1        00000000 0000                             
 0177     3    0    0  1   1        00000000 0000                             
 0178     4    0    0  1   1        00000000 0000                             
 0179     4    0    0  1   1        00000000 0000                             
 0180     5    0    0  1   1        00000000 0000                             
 0181     5    0    0  1   1        00000000 0000                             
 0182     6    0    0  1   1        00000000 0000                             
 0183     6    0    0  1   1        00000000 0000                             
 0184     7    0    0  1   1        00000000 0000                             
 0185     7    0    0  1   1        00000000 0000                             
 0186     8    0    0  1   1        00000000 0000                             
 0187     8    0    0  1   1        00000000 0000                             
 0188     9    0    0  1   1        00000000 0000                             
 0189     9    0    0  1   1        00000000 0000                             
 0190     A    0    0  1   1        00000000 0000                             
 0191     A    0    0  1   1        00000000 0000                             
 0192     B    0    0  1   1        00000000 0000                             
 0193     B    0    0  1   1        00000000 0000                             
 0194     C    0    0  1   1        00000000 0000                             
 0195     C    0    0  1   1        00000000 0000                             
 0196     3    F    1  1   0        00000000 0000                             
 0197     3    D    1  1   0        00000000 0000                             
 0198     3    F    0  1   1        00000000 0000                             
 0199     3    F    0  1   1        00000000 0000                             
 0200     4    F    0  1   1        00000000 0000                             
 0201     4    F    0  1   1        00000000 0000                             
 0202     5    F    0  1   1        00000000 0000                             
 0203     5    F    0  1   1        00000000 0000                             
 0204     6    F    0  1   1        00000000 0000                             
 0205     6    F    0  1   1        00000000 0000                             
 0206     7    F    0  1   1        00000000 0000                             
 0207     7    F    0  1   1        00000000 0000                             
 0208     8    F    0  1   1        00000000 0000                             
 0209     8    F    0  1   1        00000000 0000                             
 0210     9    F    0  1   1        00000000 0000                             
 0211     9    F    0  1   1        00000000 0000                             
 0212     A    F    0  1   1        00000000 0000                             
 0213     A    F    0  1   1        00000000 0000                             
 0214     B    F    0  1   1        00000000 0000                             
 0215     B    F    0  1   1        00000000 0000                             
 0216     C    F    0  1   1        00000000 0000                             
 0217     C    F    0  1   1        00000000 0000                             
 0218     3    F    1  1   0        00000000 0000                             
 0219     3    E    1  1   0        00000000 0000                             
 0220     4    E    1  1   0        00000000 0000                             
 0221     4    0    1  1   0        00000000 0000                             
 0222     5    0    1  1   0        00000000 0000                             
 0223     5    8    1  1   0        00000000 0000                             
 0224     3    F    0  1   1        00000000 0000                             
 0225     3    0    0  1   1        00000000 0000                             
 0226     4    0    0  1   1        00000000 0000                             
 0227     4    0    0  1   1        00000000 0000                             
 0228     5    0    0  1   1        00000000 0000                             
 0229     5    0    0  1   1        00000000 0000                             
 0230     6    0    0  1   1        00000000 0000                             
 0231     6    0    0  1   1        00000000 0000                             
 0232     7    0    0  1   1        00000000 0000                             
 0233     7    0    0  1   1        00000000 0000                             
 0234     8    0    0  1   1        00000000 0000                             
 0235     8    0    0  1   1        00000000 0000                             
 0236     9    0    0  1   1        00000000 0000                             
 0237     9    0    0  1   1        00000000 0000                             
 0238     A    0    0  1   1        00000000 0000                             
 0239     A    0    0  1   1        00000000 0000                             
 0240     B    0    0  1   1        00000000 0000                             
 0241     B    0    0  1   1        00000000 0000                             
 0242     C    0    0  1   1        00000000 0000                             
 0243     C    0    0  1   1        00000000 0000                             
 0244     3    F    1  1   0        00000000 0000                             
 0245     3    F    1  1   0        00000000 0000                             
 0246     3    F    0  1   1        00000000 0000                             
 0247     3    F    0  1   1        00000000 0000                             
 0248     4    F    0  1   1        00000000 0000                             
 0249     4    F    0  1   1        00000000 0000                             
 0250     5    F    0  1   1        00000000 0000                             
 0251     5    F    0  1   1        00000000 0000                             
 0252     6    F    0  1   1        00000000 0000                             
 0253     6    F    0  1   1        00000000 0000                             
 0254     6    F    0  1   1        00000000 0000                             
 0255     7    F    0  1   1        00000000 0000                             
 0256     8    F    0  1   1        00000000 0000                             
 0257     8    F    0  1   1        00000000 0000                             
 0258     9    F    0  1   1        00000000 0000                             
 0259     9    F    0  1   1        00000000 0000                             
 0260     A    F    0  1   1        00000000 0000                             
 0261     A    F    0  1   1        00000000 0000                             
 0262     A    F    0  1   1        00000000 0000                             
 0263     B    F    0  1   1        00000000 0000                             
 0264     C    F    0  1   1        00000000 0000                             
 0265     C    F    0  1   1        00000000 0000                             
 0266     9    F    1  1   0        00000000 0000                             
 0267     9    0    1  1   0        00000000 0000                             
 0268     A    0    1  1   0        00000000 0000                             
 0269     A    0    1  1   0        00000000 0000                             
 0270     B    0    1  1   0        00000000 0000                             
 0271     B    0    1  1   0        00000000 0000                             
 0272     1    B    1  1   1        00000000 0000                             
 0273     1    B    1  0   1        00000000 0000                             
 0274     2    B    1  1   1        00000000 0000                             
 0275     2    B    1  0   1        00000000 0000                             
 0276     2    B    1  1   1        00000000 0000                             
 0277     3    F    1  0   1        00000000 0000                             
 0278     4    F    1  1   1        00000000 0000                             
 0279     4    F    1  0   1        00000000 0000                             
 0280     5    F    1  1   1        00000000 0000                             
 0281     5    F    1  0   1        00000000 0000                             
 0282     6    F    1  1   1        00000000 0000                             
 0283     6    F    1  0   1        00000000 0000                             
 0284     6    F    1  1   1        00000000 0000                             
 0285     7    F    1  0   1        00000000 0000                             
 0286     8    F    1  1   1        00000000 0000                             
 0287     8    F    1  0   1        00000000 0000                             
 0288     9    F    1  1   1        00000000 0000                             
 0289     9    F    1  0   1        00000000 0000                             
 0290     A    F    1  1   1        00000000 0000                             
 0291     A    F    1  0   1        00000000 0000                             
 0292     A    F    1  1   1        00000000 0000                             
 0293     B    F    1  0   1        00000000 0000                             
 0294     C    F    1  1   1        00000000 0000                             
 0295     C    F    1  0   1        00000000 0000                             
 0296     9    F    1  1   0        00000000 0000                             
 0297     9    0    1  1   0        00000000 0000                             
 0298     A    0    1  1   0        00000000 0000                             
 0299     A    0    1  1   0        00000000 0000                             
 0300     B    0    1  1   0        00000000 0000                             
 0301     B    4    1  1   0        00000000 0000                             
 0302     1    0    1  1   1        00000000 0000                             
 0303     1    0    1  0   1        00000000 0000                             
 0304     2    0    1  1   1        00000000 0000                             
 0305     2    0    1  0   1        00000000 0000                             
 0306     3    0    1  1   1        00000000 0000                             
 0307     3    0    1  0   1        00000000 0000                             
 0308     4    0    1  1   1        00000000 0000                             
 0309     4    0    1  0   1        00000000 0000                             
 0310     5    0    1  1   1        00000000 0000                             
 0311     5    0    1  0   1        00000000 0000                             
 0312     6    0    1  1   1        00000000 0000                             
 0313     6    0    1  0   1        00000000 0000                             
 0314     7    0    1  1   1        00000000 0000                             
 0315     7    0    1  0   1        00000000 0000                             
 0316     8    0    1  1   1        00000000 0000                             
 0317     8    0    1  0   1        00000000 0000                             
 0318     9    0    1  1   1        00000000 0000                             
 0319     9    0    1  0   1        00000000 0000                             
 0320     A    0    1  1   1        00000000 0000                             
 0321     A    8    1  0   1        00000000 0000                             
 0322     B    8    1  1   1        00000000 0000                             
 0323     B    0    1  0   1        00000000 0000                             
 0324     C    0    1  1   1        00000000 0000                             
 0325     F    F    0  0   0        00000000 0000                             
 0326     F    F    0  0   0        00000000 0000                             
 0327     F    F    0  0   0        00000000 0000                             
 0328     F    F    0  0   0        00000000 0000                             
 0329     F    F    0  0   0        00000000 0000                             
 0330     F    F    0  0   0        00000000 0000                             
 0331     F    F    0  0   0        00000000 0000                             
 0332     F    F    0  0   0        00000000 0000                             
 0333     F    F    0  0   0        00000000 0000                             
 0334     F    F    0  0   0        00000000 0000                             
 0335     F    F    0  0   0        00000000 0000                             
 0336     F    F    0  0   0        00000000 0000                             
 0337     F    F    0  0   0        00000000 0000                             
 0338     F    F    0  0   0        00000000 0000                             
 0339     F    F    0  0   0        00000000 0000                             
