 STATE LISTING OF AQU MEM  
  POS     ADDR DATA OE WE  OP             CE      
 0000 T   3    F    1  0   0        01011000 1111                             
 0001     3    4    1  0   0        01011000 1111                             
 0002     4    4    1  0   0        01011000 1111                             
 0003     4    0    1  1   0        01011000 1111                             
 0004     5    0    1  1   0        01011000 1111                             
 0005     5    8    1  1   0        01011000 1111                             
 0006     3    3    1  1   0        01011000 1111                             
 0007     3    C    1  0   0        01011000 1111                             
 0008     3    0    1  1   1        01011000 1111                             
 0009     3    0    1  1   1        01011000 1111                             
 0010     4    0    1  1   1        01011000 1111                             
 0011     4    0    1  1   1        01011000 1111                             
 0012     5    0    1  1   1        01011000 1111                             
 0013     5    0    1  1   1        01011000 1111                             
 0014     6    0    1  1   1        01011000 1111                             
 0015     6    0    1  1   1        01011000 1111                             
 0016     7    0    1  1   1        01011000 1111                             
 0017     7    0    1  1   1        01011000 1111                             
 0018     8    0    1  1   1        01011000 1111                             
 0019     8    0    1  1   1        01011000 1111                             
 0020     9    0    1  1   1        01011000 1111                             
 0021     9    0    1  1   1        01011000 1111                             
 0022     A    0    1  1   1        01011000 1111                             
 0023     A    0    1  1   1        01011000 1111                             
 0024     B    0    1  1   1        01011000 1111                             
 0025     B    0    1  1   1        01011000 1111                             
 0026     C    0    1  1   1        01011000 1111                             
 0027     C    0    1  1   1        01011000 1111                             
 0028     3    5    1  0   0        01011000 1111                             
 0029     3    D    1  0   0        01011000 1111                             
 0030     3    F    1  0   1        01011000 1111                             
 0031     3    F    1  0   1        01011000 1111                             
 0032     4    F    1  0   1        01011000 1111                             
 0033     4    F    1  0   1        01011000 1111                             
 0034     5    F    1  0   1        01011000 1111                             
 0035     5    F    1  0   1        01011000 1111                             
 0036     6    F    1  0   1        01011000 1111                             
 0037     6    F    1  0   1        01011000 1111                             
 0038     7    F    1  0   1        01011000 1111                             
 0039     7    F    1  0   1        01011000 1111                             
 0040     8    F    1  0   1        01011000 1111                             
 0041     8    F    1  0   1        01011000 1111                             
 0042     9    F    1  0   1        01011000 1111                             
 0043     9    F    1  0   1        01011000 1111                             
 0044     A    F    1  0   1        01011000 1111                             
 0045     A    F    1  0   1        01011000 1111                             
 0046     B    F    1  0   1        01011000 1111                             
 0047     B    F    1  0   1        01011000 1111                             
 0048     C    F    1  0   1        01011000 1111                             
 0049     C    F    1  0   1        01011000 1111                             
 0050     3    F    1  0   0        01011000 1111                             
 0051     3    E    1  0   0        01011000 1111                             
 0052     3    0    1  1   1        01011000 1111                             
 0053     3    0    1  1   1        01011000 1111                             
 0054     4    0    1  1   1        01011000 1111                             
 0055     4    0    1  1   1        01011000 1111                             
 0056     5    0    1  1   1        01011000 1111                             
 0057     5    0    1  1   1        01011000 1111                             
 0058     6    0    1  1   1        01011000 1111                             
 0059     6    0    1  1   1        01011000 1111                             
 0060     7    0    1  1   1        01011000 1111                             
 0061     7    0    1  1   1        01011000 1111                             
 0062     8    0    1  1   1        01011000 1111                             
 0063     8    0    1  1   1        01011000 1111                             
 0064     9    0    1  1   1        01011000 1111                             
 0065     9    0    1  1   1        01011000 1111                             
 0066     A    0    1  1   1        01011000 1111                             
 0067     A    0    1  1   1        01011000 1111                             
 0068     B    0    1  1   1        01011000 1111                             
 0069     B    0    1  1   1        01011000 1111                             
 0070     C    0    1  1   1        01011000 1111                             
 0071     C    0    1  1   1        01011000 1111                             
 0072     3    5    1  0   0        01011000 1111                             
 0073     3    F    1  0   0        01011000 1111                             
 0074     3    F    1  0   1        01011000 1111                             
 0075     3    F    1  0   1        01011000 1111                             
 0076     4    F    1  0   1        01011000 1111                             
 0077     4    F    1  0   1        01011000 1111                             
 0078     5    F    1  0   1        01011000 1111                             
 0079     5    F    1  0   1        01011000 1111                             
 0080     6    F    1  0   1        01011000 1111                             
 0081     6    F    1  0   1        01011000 1111                             
 0082     7    F    1  0   1        01011000 1111                             
 0083     7    F    1  0   1        01011000 1111                             
 0084     8    F    1  0   1        01011000 1111                             
 0085     8    F    1  0   1        01011000 1111                             
 0086     9    F    1  0   1        01011000 1111                             
 0087     9    F    1  0   1        01011000 1111                             
 0088     A    F    1  0   1        01011000 1111                             
 0089     A    F    1  0   1        01011000 1111                             
 0090     A    F    1  0   1        01011000 1111                             
 0091     B    F    1  0   1        01011000 1111                             
 0092     C    F    1  0   1        01011000 1111                             
 0093     C    F    1  0   1        01011000 1111                             
 0094     3    F    1  0   0        01011000 1111                             
 0095     3    D    1  0   0        01011000 1111                             
 0096     4    D    1  0   0        01011000 1111                             
 0097     4    0    1  1   0        01011000 1111                             
 0098     5    0    1  1   0        01011000 1111                             
 0099     5    8    1  1   0        01011000 1111                             
 0100     3    F    1  0   0        01011000 1111                             
 0101     3    C    1  0   0        01011000 1111                             
 0102     3    F    0  0   1        01011000 1110                             
 0103     3    0    0  1   1        01011000 1110                             
 0104     4    0    0  1   1        01011000 1110                             
 0105     4    0    0  1   1        01011000 1110                             
 0106     5    0    0  1   1        01011000 1110                             
 0107     5    0    0  1   1        01011000 1110                             
 0108     6    0    0  1   1        01011000 1110                             
 0109     6    0    0  1   1        01011000 1110                             
 0110     7    0    0  1   1        01011000 1110                             
 0111     7    0    0  1   1        01011000 1110                             
 0112     8    0    0  1   1        01011000 1110                             
 0113     8    0    0  1   1        01011000 1110                             
 0114     9    0    0  1   1        01011000 1110                             
 0115     9    0    0  1   1        01011000 1110                             
 0116     A    0    0  1   1        01011000 1110                             
 0117     A    0    0  1   1        01011000 1110                             
 0118     B    0    0  1   1        01011000 1110                             
 0119     B    0    0  1   1        01011000 1110                             
 0120     C    0    0  1   1        01011000 1110                             
 0121     C    0    0  1   1        01011000 1110                             
 0122     3    5    1  0   0        01011000 1111                             
 0123     3    D    1  0   0        01011000 1111                             
 0124     3    F    0  0   1        01011000 1110                             
 0125     3    F    0  0   1        01011000 1110                             
 0126     4    F    0  0   1        01011000 1110                             
 0127     4    F    0  0   1        01011000 1110                             
 0128     5    F    0  0   1        01011000 1110                             
 0129     5    F    0  0   1        01011000 1110                             
 0130     6    F    0  0   1        01011000 1110                             
 0131     6    F    0  0   1        01011000 1110                             
 0132     6    F    0  0   1        01011000 1110                             
 0133     7    F    0  0   1        01011000 1110                             
 0134     8    F    0  0   1        01011000 1110                             
 0135     8    F    0  0   1        01011000 1110                             
 0136     9    F    0  0   1        01011000 1110                             
 0137     9    F    0  0   1        01011000 1110                             
 0138     A    F    0  0   1        01011000 1110                             
 0139     A    F    0  0   1        01011000 1110                             
 0140     A    F    0  0   1        01011000 1110                             
 0141     B    F    0  0   1        01011000 1110                             
 0142     C    F    0  0   1        01011000 1110                             
 0143     C    F    0  0   1        01011000 1110                             
 0144     3    0    1  1   1        01011000 1111                             
 0145     3    F    1  0   1        01011000 1111                             
 0146     4    F    1  0   1        01011000 1111                             
 0147     4    F    1  0   1        01011000 1111                             
 0148     5    F    1  0   1        01011000 1111                             
 0149     5    F    1  0   1        01011000 1111                             
 0150     6    F    1  0   1        01011000 1111                             
 0151     6    F    1  0   1        01011000 1111                             
 0152     6    F    1  0   1        01011000 1111                             
 0153     7    F    1  0   1        01011000 1111                             
 0154     8    F    1  0   1        01011000 1111                             
 0155     8    F    1  0   1        01011000 1111                             
 0156     9    F    1  0   1        01011000 1111                             
 0157     9    F    1  0   1        01011000 1111                             
 0158     A    F    1  0   1        01011000 1111                             
 0159     A    F    1  0   1        01011000 1111                             
 0160     A    F    1  0   1        01011000 1111                             
 0161     B    F    1  0   1        01011000 1111                             
 0162     C    F    1  0   1        01011000 1111                             
 0163     C    6    1  0   1        01011000 1111                             
 0164     3    F    1  0   0        01011000 1111                             
 0165     3    C    1  0   0        01011000 1111                             
 0166     3    F    1  0   1        01011000 1111                             
 0167     3    0    1  1   1        01011000 1111                             
 0168     4    0    1  1   1        01011000 1111                             
 0169     4    0    1  1   1        01011000 1111                             
 0170     5    0    1  1   1        01011000 1111                             
 0171     5    0    1  1   1        01011000 1111                             
 0172     6    0    1  1   1        01011000 1111                             
 0173     6    0    1  1   1        01011000 1111                             
 0174     7    0    1  1   1        01011000 1111                             
 0175     7    0    1  1   1        01011000 1111                             
 0176     8    0    1  1   1        01011000 1111                             
 0177     8    0    1  1   1        01011000 1111                             
 0178     9    0    1  1   1        01011000 1111                             
 0179     9    0    1  1   1        01011000 1111                             
 0180     A    0    1  1   1        01011000 1111                             
 0181     A    0    1  1   1        01011000 1111                             
 0182     B    0    1  1   1        01011000 1111                             
 0183     B    0    1  1   1        01011000 1111                             
 0184     C    0    1  1   1        01011000 1111                             
 0185     C    4    1  0   1        01011000 1111                             
 0186     3    F    1  0   0        01011000 1111                             
 0187     3    C    1  0   0        01011000 1111                             
 0188     4    C    1  0   0        01011000 1111                             
 0189     4    0    1  1   0        01011000 1111                             
 0190     5    0    1  1   0        01011000 1111                             
 0191     5    8    1  1   0        01011000 1111                             
 0192     0    B    1  1   0        01011000 1111                             
 0193     0    B    1  1   0        01011000 1111                             
 0194     3    F    1  0   0        01011000 1111                             
 0195     3    C    1  0   0        01011000 1111                             
 0196     4    C    1  0   0        01011000 1111                             
 0197     4    0    1  1   0        01011000 1111                             
 0198     5    0    1  1   0        01011000 1111                             
 0199     5    8    1  1   0        01011000 1111                             
 0200     3    F    0  0   1        01011000 1110                             
 0201     3    0    0  1   1        01011000 1110                             
 0202     4    0    0  1   1        01011000 1110                             
 0203     4    0    0  1   1        01011000 1110                             
 0204     5    0    0  1   1        01011000 1110                             
 0205     5    0    0  1   1        01011000 1110                             
 0206     6    0    0  1   1        01011000 1110                             
 0207     6    0    0  1   1        01011000 1110                             
 0208     7    0    0  1   1        01011000 1110                             
 0209     7    0    0  1   1        01011000 1110                             
 0210     8    0    0  1   1        01011000 1110                             
 0211     8    0    0  1   1        01011000 1110                             
 0212     9    0    0  1   1        01011000 1110                             
 0213     9    0    0  1   1        01011000 1110                             
 0214     A    0    0  1   1        01011000 1110                             
 0215     A    0    0  1   1        01011000 1110                             
 0216     B    0    0  1   1        01011000 1110                             
 0217     B    0    0  1   1        01011000 1110                             
 0218     C    0    0  1   1        01011000 1110                             
 0219     C    4    0  0   1        01011000 1110                             
 0220     3    4    1  0   0        01011000 1111                             
 0221     3    D    1  0   0        01011000 1111                             
 0222     3    F    0  0   1        01011000 1110                             
 0223     3    F    0  0   1        01011000 1110                             
 0224     4    F    0  0   1        01011000 1110                             
 0225     4    F    0  0   1        01011000 1110                             
 0226     5    F    0  0   1        01011000 1110                             
 0227     5    F    0  0   1        01011000 1110                             
 0228     6    F    0  0   1        01011000 1110                             
 0229     6    F    0  0   1        01011000 1110                             
 0230     6    F    0  0   1        01011000 1110                             
 0231     7    F    0  0   1        01011000 1110                             
 0232     8    F    0  0   1        01011000 1110                             
 0233     8    F    0  0   1        01011000 1110                             
 0234     9    F    0  0   1        01011000 1110                             
 0235     9    F    0  0   1        01011000 1110                             
 0236     A    F    0  0   1        01011000 1110                             
 0237     A    F    0  0   1        01011000 1110                             
 0238     A    F    0  0   1        01011000 1110                             
 0239     B    F    0  0   1        01011000 1110                             
 0240     C    F    0  0   1        01011000 1110                             
 0241     C    6    0  0   1        01011000 1110                             
 0242     2    F    1  0   0        01011000 1111                             
 0243     3    E    1  0   0        01011000 1111                             
 0244     4    E    1  0   0        01011000 1111                             
 0245     4    0    1  1   0        01011000 1111                             
 0246     5    0    1  1   0        01011000 1111                             
 0247     5    8    1  1   0        01011000 1111                             
 0248     3    F    0  0   1        01011000 1110                             
 0249     3    0    0  1   1        01011000 1110                             
 0250     4    0    0  1   1        01011000 1110                             
 0251     4    0    0  1   1        01011000 1110                             
 0252     5    0    0  1   1        01011000 1110                             
 0253     5    0    0  1   1        01011000 1110                             
 0254     6    0    0  1   1        01011000 1110                             
 0255     6    0    0  1   1        01011000 1110                             
 0256     7    0    0  1   1        01011000 1110                             
 0257     7    0    0  1   1        01011000 1110                             
 0258     8    0    0  1   1        01011000 1110                             
 0259     8    0    0  1   1        01011000 1110                             
 0260     9    0    0  1   1        01011000 1110                             
 0261     9    0    0  1   1        01011000 1110                             
 0262     A    0    0  1   1        01011000 1110                             
 0263     A    0    0  1   1        01011000 1110                             
 0264     B    0    0  1   1        01011000 1110                             
 0265     B    0    0  1   1        01011000 1110                             
 0266     C    0    0  1   1        01011000 1110                             
 0267     C    0    0  1   1        01011000 1110                             
 0268     3    6    1  0   0        01011000 1111                             
 0269     3    F    1  0   0        01011000 1111                             
 0270     3    F    0  0   1        01011000 1110                             
 0271     3    F    0  0   1        01011000 1110                             
 0272     4    F    0  0   1        01011000 1110                             
 0273     4    F    0  0   1        01011000 1110                             
 0274     5    F    0  0   1        01011000 1110                             
 0275     5    F    0  0   1        01011000 1110                             
 0276     6    F    0  0   1        01011000 1110                             
 0277     6    F    0  0   1        01011000 1110                             
 0278     6    F    0  0   1        01011000 1110                             
 0279     6    F    0  0   1        01011000 1110                             
 0280     8    F    0  0   1        01011000 1110                             
 0281     8    F    0  0   1        01011000 1110                             
 0282     9    F    0  0   1        01011000 1110                             
 0283     9    F    0  0   1        01011000 1110                             
 0284     A    F    0  0   1        01011000 1110                             
 0285     A    F    0  0   1        01011000 1110                             
 0286     A    F    0  0   1        01011000 1110                             
 0287     A    F    0  0   1        01011000 1110                             
 0288     C    F    0  0   1        01011000 1110                             
 0289     C    F    0  0   1        01011000 1110                             
 0290     9    F    1  0   0        01011000 1111                             
 0291     9    0    1  1   0        01011000 1111                             
 0292     A    0    1  1   0        01011000 1111                             
 0293     A    0    1  1   0        01011000 1111                             
 0294     B    0    1  1   0        01011000 1111                             
 0295     B    0    1  1   0        01011000 1111                             
 0296     1    B    1  1   1        01011000 1111                             
 0297     1    B    1  1   1        01011000 1111                             
 0298     2    B    1  1   1        01011000 1111                             
 0299     2    B    1  1   1        01011000 1111                             
 0300     2    B    1  1   1        01011000 1111                             
 0301     3    F    1  0   1        01011000 1111                             
 0302     4    F    1  0   1        01011000 1111                             
 0303     4    F    1  0   1        01011000 1111                             
 0304     5    F    1  0   1        01011000 1111                             
 0305     5    F    1  0   1        01011000 1111                             
 0306     6    F    1  0   1        01011000 1111                             
 0307     6    F    1  0   1        01011000 1111                             
 0308     6    F    1  0   1        01011000 1111                             
 0309     7    F    1  0   1        01011000 1111                             
 0310     8    F    1  0   1        01011000 1111                             
 0311     8    F    1  0   1        01011000 1111                             
 0312     9    F    1  0   1        01011000 1111                             
 0313     9    F    1  0   1        01011000 1111                             
 0314     A    F    1  0   1        01011000 1111                             
 0315     A    F    1  0   1        01011000 1111                             
 0316     A    F    1  0   1        01011000 1111                             
 0317     A    F    1  0   1        01011000 1111                             
 0318     C    F    1  0   1        01011000 1111                             
 0319     C    F    1  0   1        01011000 1111                             
 0320     9    F    1  0   0        01011000 1111                             
 0321     9    0    1  1   0        01011000 1111                             
 0322     A    0    1  1   0        01011000 1111                             
 0323     A    0    1  1   0        01011000 1111                             
 0324     B    0    1  1   0        01011000 1111                             
 0325     B    4    1  0   0        01011000 1111                             
 0326     1    0    1  1   1        01011000 1111                             
 0327     1    0    1  1   1        01011000 1111                             
 0328     2    0    1  1   1        01011000 1111                             
 0329     2    0    1  1   1        01011000 1111                             
 0330     3    0    1  1   1        01011000 1111                             
 0331     3    0    1  1   1        01011000 1111                             
 0332     4    0    1  1   1        01011000 1111                             
 0333     4    0    1  1   1        01011000 1111                             
 0334     5    0    1  1   1        01011000 1111                             
 0335     5    0    1  1   1        01011000 1111                             
 0336     6    0    1  1   1        01011000 1111                             
 0337     6    0    1  1   1        01011000 1111                             
 0338     7    0    1  1   1        01011000 1111                             
 0339     7    0    1  1   1        01011000 1111                             
 0340     8    0    1  1   1        01011000 1111                             
 0341     8    0    1  1   1        01011000 1111                             
 0342     9    0    1  1   1        01011000 1111                             
 0343     9    0    1  1   1        01011000 1111                             
 0344     A    0    1  1   1        01011000 1111                             
 0345     A    8    1  1   1        01011000 1111                             
 0346     B    8    1  1   1        01011000 1111                             
 0347     B    0    1  1   1        01011000 1111                             
 0348     C    0    1  1   1        01011000 1111                             
 0349     F    F    0  0   0        00000000 0000                             
 0350     F    F    0  0   0        00000000 0000                             
 0351     F    F    0  0   0        00000000 0000                             
 0352     F    F    0  0   0        00000000 0000                             
 0353     F    F    0  0   0        00000000 0000                             
 0354     F    F    0  0   0        00000000 0000                             
 0355     F    F    0  0   0        00000000 0000                             
 0356     F    F    0  0   0        00000000 0000                             
 0357     F    F    0  0   0        00000000 0000                             
 0358     F    F    0  0   0        00000000 0000                             
 0359     F    F    0  0   0        00000000 0000                             
 0360     F    F    0  0   0        00000000 0000                             
 0361     F    F    0  0   0        00000000 0000                             
 0362     F    F    0  0   0        00000000 0000                             
 0363     F    F    0  0   0        00000000 0000                             
 0364     F    F    0  0   0        00000000 0000                             
 0365     F    F    0  0   0        00000000 0000                             
 0366     F    F    0  0   0        00000000 0000                             
 0367     F    F    0  0   0        00000000 0000                             
 0368     F    F    0  0   0        00000000 0000                             
 0369     F    F    0  0   0        00000000 0000                             
 0370     F    F    0  0   0        00000000 0000                             
 0371     F    F    0  0   0        00000000 0000                             
 0372     F    F    0  0   0        00000000 0000                             
 0373     F    F    0  0   0        00000000 0000                             
 0374     F    F    0  0   0        00000000 0000                             
 0375     F    F    0  0   0        00000000 0000                             
 0376     F    F    0  0   0        00000000 0000                             
 0377     F    F    0  0   0        00000000 0000                             
 0378     F    F    0  0   0        00000000 0000                             
 0379     F    F    0  0   0        00000000 0000                             
 0380     F    F    0  0   0        00000000 0000                             
 0381     F    F    0  0   0        00000000 0000                             
 0382     F    F    0  0   0        00000000 0000                             
 0383     F    F    0  0   0        00000000 0000                             
 0384     F    F    0  0   0        00000000 0000                             
 0385     F    F    0  0   0        00000000 0000                             
 0386     F    F    0  0   0        00000000 0000                             
 0387     F    F    0  0   0        00000000 0000                             
 0388     F    F    0  0   0        00000000 0000                             
 0389     F    F    0  0   0        00000000 0000                             
 0390     F    F    0  0   0        00000000 0000                             
 0391     F    F    0  0   0        00000000 0000                             
 0392     F    F    0  0   0        00000000 0000                             
 0393     F    F    0  0   0        00000000 0000                             
 0394     F    F    0  0   0        00000000 0000                             
 0395     F    F    0  0   0        00000000 0000                             
 0396     F    F    0  0   0        00000000 0000                             
 0397     F    F    0  0   0        00000000 0000                             
 0398     F    F    0  0   0        00000000 0000                             
 0399     F    F    0  0   0        00000000 0000                             
