 STATE LISTING OF AQU MEM  
  POS     ADDR DATA OE WE  OP             CE      
 0000 T   0    0    1  1   1        01011000 1111                             
 0001     0    0    1  1   1        01011000 1111                             
 0002     0    0    1  1   1        01011000 1111                             
 0003     0    0    1  1   1        01011000 1111                             
 0004     0    0    1  1   1        01011000 1111                             
 0005     0    0    1  1   1        01011000 1111                             
 0006     0    0    1  1   1        01011000 1111                             
 0007     0    0    1  1   1        01011000 1111                             
 0008     0    0    1  1   1        01011000 1111                             
 0009     0    0    1  1   1        01011000 1111                             
 0010     0    0    1  1   1        01011000 1111                             
 0011     0    0    1  1   1        01011000 1111                             
 0012     0    0    1  1   1        01011000 1111                             
 0013     2    0    1  1   1        01011000 1111                             
 0014     2    0    1  1   1        01011000 1111                             
 0015     2    0    1  1   1        01011000 1111                             
 0016     2    0    1  1   1        01011000 1111                             
 0017     0    0    1  1   1        01011000 1111                             
 0018     0    0    1  1   1        01011000 1111                             
 0019     0    0    1  1   1        01011000 1111                             
 0020     0    0    1  1   1        01011000 1111                             
 0021     0    0    1  1   1        01011000 1111                             
 0022     0    0    1  1   1        01011000 1111                             
 0023     0    0    1  1   1        01011000 1111                             
 0024     0    0    1  1   1        01011000 1111                             
 0025     0    0    1  1   1        01011000 1111                             
 0026     0    0    1  1   1        01011000 1111                             
 0027     0    0    1  1   1        01011000 1111                             
 0028     0    0    1  1   1        01011000 1111                             
 0029     0    0    1  1   1        01011000 1111                             
 0030     0    0    1  1   1        01011000 1111                             
 0031     0    0    1  1   1        01011000 1111                             
 0032     0    0    1  1   1        01011000 1111                             
 0033     0    0    1  1   1        01011000 1111                             
 0034     0    0    1  1   1        01011000 1111                             
 0035     0    0    1  1   1        01011000 1111                             
 0036     0    0    1  1   1        01011000 1111                             
 0037     0    0    1  1   1        01011000 1111                             
 0038     2    0    1  1   1        01011000 1111                             
 0039     2    0    1  1   1        01011000 1111                             
 0040     2    0    1  1   1        01011000 1111                             
 0041     2    0    1  1   1        01011000 1111                             
 0042     2    0    1  1   1        01011000 1111                             
 0043     2    0    1  1   1        01011000 1111                             
 0044     0    0    1  1   1        01011000 1111                             
 0045     0    0    1  1   1        01011000 1111                             
 0046     0    0    1  1   1        01011000 1111                             
 0047     0    0    1  1   1        01011000 1111                             
 0048     0    0    1  1   1        01011000 1111                             
 0049     0    0    1  1   1        01011000 1111                             
 0050     0    0    1  1   1        01011000 1111                             
 0051     0    0    1  1   1        01011000 1111                             
 0052     0    0    1  1   1        01011000 1111                             
 0053     0    0    1  1   1        01011000 1111                             
 0054     0    0    1  1   1        01011000 1111                             
 0055     0    0    1  1   1        01011000 1111                             
 0056     0    0    1  1   1        01011000 1111                             
 0057     0    0    1  1   1        01011000 1111                             
 0058     0    0    1  1   1        01011000 1111                             
 0059     0    0    1  1   1        01011000 1111                             
 0060     2    0    1  1   1        01011000 1111                             
 0061     2    0    1  1   1        01011000 1111                             
 0062     2    0    1  1   1        01011000 1111                             
 0063     2    0    1  1   1        01011000 1111                             
 0064     2    0    1  1   1        01011000 1111                             
 0065     0    0    1  1   1        01011000 1111                             
 0066     0    0    1  1   1        01011000 1111                             
 0067     0    0    1  1   1        01011000 1111                             
 0068     0    0    1  1   1        01011000 1111                             
 0069     0    0    1  1   1        01011000 1111                             
 0070     0    0    1  1   1        01011000 1111                             
 0071     0    0    1  1   1        01011000 1111                             
 0072     0    0    1  1   1        01011000 1111                             
 0073     0    0    1  1   1        01011000 1111                             
 0074     0    0    1  1   1        01011000 1111                             
 0075     0    0    1  1   1        01011000 1111                             
 0076     0    0    1  1   1        01011000 1111                             
 0077     0    0    1  1   1        01011000 1111                             
 0078     0    0    1  1   1        01011000 1111                             
 0079     2    0    1  1   1        01011000 1111                             
 0080     2    0    1  1   1        01011000 1111                             
 0081     2    0    1  1   1        01011000 1111                             
 0082     2    0    1  1   1        01011000 1111                             
 0083     2    0    1  1   1        01011000 1111                             
 0084     2    0    1  1   1        01011000 1111                             
 0085     2    0    1  1   1        01011000 1111                             
 0086     0    0    1  1   1        01011000 1111                             
 0087     0    0    1  1   1        01011000 1111                             
 0088     0    0    1  1   1        01011000 1111                             
 0089     0    0    1  1   1        01011000 1111                             
 0090     4    0    1  1   1        01011000 1111                             
 0091     0    0    1  1   1        01011000 1111                             
 0092     0    0    1  1   1        01011000 1111                             
 0093     0    0    1  1   1        01011000 1111                             
 0094     0    0    1  1   1        01011000 1111                             
 0095     0    0    1  1   1        01011000 1111                             
 0096     0    0    1  1   1        01011000 1111                             
 0097     0    0    1  1   1        01011000 1111                             
 0098     0    0    1  1   1        01011000 1111                             
 0099     4    0    1  1   1        01011000 1111                             
 0100     0    0    1  1   1        01011000 1111                             
 0101     4    0    1  1   1        01011000 1111                             
 0102     4    0    1  1   1        01011000 1111                             
 0103     0    0    1  1   1        01011000 1111                             
 0104     0    0    1  1   1        01011000 1111                             
 0105     6    0    1  1   1        01011000 1111                             
 0106     2    0    1  1   1        01011000 1111                             
 0107     6    0    1  1   1        01011000 1111                             
 0108     2    0    1  1   1        01011000 1111                             
 0109     0    0    1  1   1        01011000 1111                             
 0110     0    0    1  1   1        01011000 1111                             
 0111     0    0    1  1   1        01011000 1111                             
 0112     0    0    1  1   1        01011000 1111                             
 0113     0    0    1  1   1        01011000 1111                             
 0114     0    0    1  1   1        01011000 1111                             
 0115     0    0    1  1   1        01011000 1111                             
 0116     0    0    1  1   1        01011000 1111                             
 0117     0    0    1  1   1        01011000 1111                             
 0118     0    0    1  1   1        01011000 1111                             
 0119     0    0    1  1   1        01011000 1111                             
 0120     8    0    1  1   1        01011000 1111                             
 0121     8    0    1  1   1        01011000 1111                             
 0122     8    0    1  1   1        01011000 1111                             
 0123     8    0    1  1   1        01011000 1111                             
 0124     8    0    1  1   1        01011000 1111                             
 0125     8    0    1  1   1        01011000 1111                             
 0126     8    0    1  1   1        01011000 1111                             
 0127     8    0    1  1   1        01011000 1111                             
 0128     8    0    1  1   1        01011000 1111                             
 0129     A    0    1  1   1        01011000 1111                             
 0130     A    0    1  1   1        01011000 1111                             
 0131     A    0    1  1   1        01011000 1111                             
 0132     A    0    1  1   1        01011000 1111                             
 0133     A    0    1  1   1        01011000 1111                             
 0134     8    0    1  1   1        01011000 1111                             
 0135     8    0    1  1   1        01011000 1111                             
 0136     8    0    1  1   1        01011000 1111                             
 0137     8    0    1  1   1        01011000 1111                             
 0138     8    0    1  1   1        01011000 1111                             
 0139     8    0    1  1   1        01011000 1111                             
 0140     C    0    1  1   1        01011000 1111                             
 0141     8    0    1  1   1        01011000 1111                             
 0142     8    0    1  1   1        01011000 1111                             
 0143     0    0    1  1   1        01011000 1111                             
 0144     0    0    1  1   1        01011000 1111                             
 0145     0    0    1  1   1        01011000 1111                             
 0146     0    0    1  1   1        01011000 1111                             
 0147     0    0    1  1   1        01011000 1111                             
 0148     0    0    1  1   1        01011000 1111                             
 0149     0    0    1  1   1        01011000 1111                             
 0150     0    0    1  1   1        01011000 1111                             
 0151     0    0    1  1   1        01011000 1111                             
 0152     0    0    1  1   1        01011000 1111                             
 0153     0    0    1  1   1        01011000 1111                             
 0154     0    0    1  1   1        01011000 1111                             
 0155     2    0    1  1   1        01011000 1111                             
 0156     2    0    1  1   1        01011000 1111                             
 0157     2    0    1  1   1        01011000 1111                             
 0158     2    0    1  1   1        01011000 1111                             
 0159     2    0    1  1   1        01011000 1111                             
 0160     0    0    1  1   1        01011000 1111                             
 0161     0    0    1  1   1        01011000 1111                             
 0162     0    0    1  1   1        01011000 1111                             
 0163     0    0    1  1   1        01011000 1111                             
 0164     0    0    1  1   1        01011000 1111                             
 0165     0    0    1  1   1        01011000 1111                             
 0166     0    0    1  1   1        01011000 1111                             
 0167     0    0    1  1   1        01011000 1111                             
 0168     0    0    1  1   1        01011000 1111                             
 0169     0    0    1  1   1        01011000 1111                             
 0170     0    0    1  1   1        01011000 1111                             
 0171     2    0    1  1   1        01011000 1111                             
 0172     2    0    1  1   1        01011000 1111                             
 0173     2    0    1  1   1        01011000 1111                             
 0174     2    0    1  1   1        01011000 1111                             
 0175     2    0    1  1   1        01011000 1111                             
 0176     2    0    1  1   1        01011000 1111                             
 0177     2    0    1  1   1        01011000 1111                             
 0178     0    0    1  1   1        01011000 1111                             
 0179     0    0    1  1   1        01011000 1111                             
 0180     0    0    1  1   1        01011000 1111                             
 0181     0    0    1  1   1        01011000 1111                             
 0182     4    0    1  1   1        01011000 1111                             
 0183     4    0    1  1   1        01011000 1111                             
 0184     4    0    1  1   1        01011000 1111                             
 0185     0    0    1  1   1        01011000 1111                             
 0186     4    0    1  1   1        01011000 1111                             
 0187     4    0    1  1   1        01011000 1111                             
 0188     0    0    1  1   1        01011000 1111                             
 0189     4    0    1  1   1        01011000 1111                             
 0190     4    0    1  1   1        01011000 1111                             
 0191     0    0    1  1   1        01011000 1111                             
 0192     0    0    1  1   1        01011000 1111                             
 0193     0    0    1  1   1        01011000 1111                             
 0194     0    0    1  1   1        01011000 1111                             
 0195     0    0    1  1   1        01011000 1111                             
 0196     4    0    1  1   1        01011000 1111                             
 0197     0    0    1  1   1        01011000 1111                             
 0198     6    0    1  1   1        01011000 1111                             
 0199     2    0    1  1   1        01011000 1111                             
 0200     6    0    1  1   1        01011000 1111                             
 0201     6    0    1  1   1        01011000 1111                             
 0202     0    0    1  1   1        01011000 1111                             
 0203     0    0    1  1   1        01011000 1111                             
 0204     0    0    1  1   1        01011000 1111                             
 0205     8    0    1  1   1        01011000 1111                             
 0206     8    0    1  1   1        01011000 1111                             
 0207     8    0    1  1   1        01011000 1111                             
 0208     8    0    1  1   1        01011000 1111                             
 0209     8    0    1  1   1        01011000 1111                             
 0210     8    0    1  1   1        01011000 1111                             
 0211     8    0    1  1   1        01011000 1111                             
 0212     8    0    1  1   1        01011000 1111                             
 0213     8    0    1  1   1        01011000 1111                             
 0214     8    0    1  1   1        01011000 1111                             
 0215     8    0    1  1   1        01011000 1111                             
 0216     8    0    1  1   1        01011000 1111                             
 0217     8    0    1  1   1        01011000 1111                             
 0218     8    0    1  1   1        01011000 1111                             
 0219     8    0    1  1   1        01011000 1111                             
 0220     8    0    1  1   1        01011000 1111                             
 0221     8    0    1  1   1        01011000 1111                             
 0222     A    0    1  1   1        01011000 1111                             
 0223     A    0    1  1   1        01011000 1111                             
 0224     A    0    1  1   1        01011000 1111                             
 0225     A    0    1  1   1        01011000 1111                             
 0226     8    0    1  1   1        01011000 1111                             
 0227     8    0    1  1   1        01011000 1111                             
 0228     8    0    1  1   1        01011000 1111                             
 0229     8    0    1  1   1        01011000 1111                             
 0230     C    0    1  1   1        01011000 1111                             
 0231     8    0    1  1   1        01011000 1111                             
 0232     8    0    1  1   1        01011000 1111                             
 0233     8    0    1  1   1        01011000 1111                             
 0234     8    0    1  1   1        01011000 1111                             
 0235     0    0    1  1   0        01011000 1111                             
 0236     0    0    1  1   0        01011000 1111                             
 0237     3    F    1  0   0        01011000 1111                             
 0238     3    0    1  1   0        01011000 1111                             
 0239     4    0    1  1   0        01011000 1111                             
 0240     4    0    1  1   0        01011000 1111                             
 0241     5    0    1  1   0        01011000 1111                             
 0242     5    8    1  1   0        01011000 1111                             
 0243     7    F    1  0   1        01011000 1111                             
 0244     7    F    1  0   1        01011000 1111                             
 0245     0    8    1  1   0        01011000 1111                             
 0246     0    8    1  1   0        01011000 1111                             
 0247     0    0    1  1   1        01011000 1111                             
 0248     0    0    1  1   1        01011000 1111                             
 0249     5    F    1  0   1        01011000 1111                             
 0250     5    F    1  0   1        01011000 1111                             
 0251     B    F    1  0   1        01011000 1111                             
 0252     B    F    1  0   1        01011000 1111                             
 0253     3    F    1  0   0        01011000 1111                             
 0254     3    0    1  1   0        01011000 1111                             
 0255     4    0    1  1   0        01011000 1111                             
 0256     4    0    1  1   0        01011000 1111                             
 0257     5    0    1  1   0        01011000 1111                             
 0258     5    9    1  1   0        01011000 1111                             
 0259     F    F    1  0   1        01011000 1111                             
 0260     F    F    1  0   1        01011000 1111                             
 0261     3    F    1  0   0        01011000 1111                             
 0262     3    4    1  0   0        01011000 1111                             
 0263     4    4    1  0   0        01011000 1111                             
 0264     4    0    1  1   0        01011000 1111                             
 0265     5    0    1  1   0        01011000 1111                             
 0266     5    8    1  1   0        01011000 1111                             
 0267     3    0    1  1   0        01011000 1111                             
 0268     3    C    1  0   0        01011000 1111                             
 0269     3    0    1  1   1        01011000 1111                             
 0270     3    0    1  1   1        01011000 1111                             
 0271     4    0    1  1   1        01011000 1111                             
 0272     4    0    1  1   1        01011000 1111                             
 0273     5    0    1  1   1        01011000 1111                             
 0274     5    0    1  1   1        01011000 1111                             
 0275     6    0    1  1   1        01011000 1111                             
 0276     6    0    1  1   1        01011000 1111                             
 0277     7    0    1  1   1        01011000 1111                             
 0278     7    0    1  1   1        01011000 1111                             
 0279     8    0    1  1   1        01011000 1111                             
 0280     8    0    1  1   1        01011000 1111                             
 0281     9    0    1  1   1        01011000 1111                             
 0282     9    0    1  1   1        01011000 1111                             
 0283     A    0    1  1   1        01011000 1111                             
 0284     A    0    1  1   1        01011000 1111                             
 0285     B    0    1  1   1        01011000 1111                             
 0286     B    0    1  1   1        01011000 1111                             
 0287     C    0    1  1   1        01011000 1111                             
 0288     C    0    1  1   1        01011000 1111                             
 0289     3    4    1  0   0        01011000 1111                             
 0290     3    D    1  0   0        01011000 1111                             
 0291     3    F    1  0   1        01011000 1111                             
 0292     3    F    1  0   1        01011000 1111                             
 0293     4    F    1  0   1        01011000 1111                             
 0294     4    F    1  0   1        01011000 1111                             
 0295     5    F    1  0   1        01011000 1111                             
 0296     5    F    1  0   1        01011000 1111                             
 0297     6    F    1  0   1        01011000 1111                             
 0298     6    F    1  0   1        01011000 1111                             
 0299     7    F    1  0   1        01011000 1111                             
 0300     7    F    1  0   1        01011000 1111                             
 0301     8    F    1  0   1        01011000 1111                             
 0302     8    F    1  0   1        01011000 1111                             
 0303     9    F    1  0   1        01011000 1111                             
 0304     9    F    1  0   1        01011000 1111                             
 0305     A    F    1  0   1        01011000 1111                             
 0306     A    F    1  0   1        01011000 1111                             
 0307     B    F    1  0   1        01011000 1111                             
 0308     B    F    1  0   1        01011000 1111                             
 0309     C    F    1  0   1        01011000 1111                             
 0310     C    F    1  0   1        01011000 1111                             
 0311     3    F    1  0   0        01011000 1111                             
 0312     3    E    1  0   0        01011000 1111                             
 0313     3    0    1  1   1        01011000 1111                             
 0314     3    0    1  1   1        01011000 1111                             
 0315     4    0    1  1   1        01011000 1111                             
 0316     4    0    1  1   1        01011000 1111                             
 0317     5    0    1  1   1        01011000 1111                             
 0318     5    0    1  1   1        01011000 1111                             
 0319     6    0    1  1   1        01011000 1111                             
 0320     6    0    1  1   1        01011000 1111                             
 0321     7    0    1  1   1        01011000 1111                             
 0322     7    0    1  1   1        01011000 1111                             
 0323     8    0    1  1   1        01011000 1111                             
 0324     8    0    1  1   1        01011000 1111                             
 0325     9    0    1  1   1        01011000 1111                             
 0326     9    0    1  1   1        01011000 1111                             
 0327     A    0    1  1   1        01011000 1111                             
 0328     A    0    1  1   1        01011000 1111                             
 0329     B    0    1  1   1        01011000 1111                             
 0330     B    0    1  1   1        01011000 1111                             
 0331     C    0    1  1   1        01011000 1111                             
 0332     C    0    1  1   1        01011000 1111                             
 0333     3    4    1  0   0        01011000 1111                             
 0334     3    F    1  0   0        01011000 1111                             
 0335     3    F    1  0   1        01011000 1111                             
 0336     3    F    1  0   1        01011000 1111                             
 0337     4    F    1  0   1        01011000 1111                             
 0338     4    F    1  0   1        01011000 1111                             
 0339     5    F    1  0   1        01011000 1111                             
 0340     5    F    1  0   1        01011000 1111                             
 0341     6    F    1  0   1        01011000 1111                             
 0342     6    F    1  0   1        01011000 1111                             
 0343     7    F    1  0   1        01011000 1111                             
 0344     7    F    1  0   1        01011000 1111                             
 0345     8    F    1  0   1        01011000 1111                             
 0346     8    F    1  0   1        01011000 1111                             
 0347     9    F    1  0   1        01011000 1111                             
 0348     9    F    1  0   1        01011000 1111                             
 0349     A    F    1  0   1        01011000 1111                             
 0350     A    F    1  0   1        01011000 1111                             
 0351     B    F    1  0   1        01011000 1111                             
 0352     B    F    1  0   1        01011000 1111                             
 0353     C    F    1  0   1        01011000 1111                             
 0354     C    F    1  0   1        01011000 1111                             
 0355     3    F    1  0   0        01011000 1111                             
 0356     3    C    1  0   0        01011000 1111                             
 0357     4    C    1  0   0        01011000 1111                             
 0358     4    0    1  1   0        01011000 1111                             
 0359     5    0    1  1   0        01011000 1111                             
 0360     5    8    1  1   0        01011000 1111                             
 0361     3    F    1  0   0        01011000 1111                             
 0362     3    C    1  0   0        01011000 1111                             
 0363     4    C    1  0   0        01011000 1111                             
 0364     4    0    1  1   0        01011000 1111                             
 0365     5    0    1  1   0        01011000 1111                             
 0366     5    8    1  1   0        01011000 1111                             
 0367     3    F    0  0   1        01011000 1110                             
 0368     3    0    0  1   1        01011000 1110                             
 0369     4    0    0  1   1        01011000 1110                             
 0370     4    0    0  1   1        01011000 1110                             
 0371     5    0    0  1   1        01011000 1110                             
 0372     5    0    0  1   1        01011000 1110                             
 0373     6    0    0  1   1        01011000 1110                             
 0374     6    0    0  1   1        01011000 1110                             
 0375     7    0    0  1   1        01011000 1110                             
 0376     7    0    0  1   1        01011000 1110                             
 0377     8    0    0  1   1        01011000 1110                             
 0378     8    0    0  1   1        01011000 1110                             
 0379     9    0    0  1   1        01011000 1110                             
 0380     9    0    0  1   1        01011000 1110                             
 0381     A    0    0  1   1        01011000 1110                             
 0382     A    0    0  1   1        01011000 1110                             
 0383     B    0    0  1   1        01011000 1110                             
 0384     B    0    0  1   1        01011000 1110                             
 0385     C    0    0  1   1        01011000 1110                             
 0386     C    0    0  1   1        01011000 1110                             
 0387     3    4    1  0   0        01011000 1111                             
 0388     3    D    1  0   0        01011000 1111                             
 0389     3    F    0  0   1        01011000 1110                             
 0390     3    F    0  0   1        01011000 1110                             
 0391     4    F    0  0   1        01011000 1110                             
 0392     4    F    0  0   1        01011000 1110                             
 0393     5    F    0  0   1        01011000 1110                             
 0394     5    F    0  0   1        01011000 1110                             
 0395     6    F    0  0   1        01011000 1110                             
 0396     6    F    0  0   1        01011000 1110                             
 0397     7    F    0  0   1        01011000 1110                             
 0398     7    F    0  0   1        01011000 1110                             
 0399     8    F    0  0   1        01011000 1110                             
 0400     8    F    0  0   1        01011000 1110                             
 0401     9    F    0  0   1        01011000 1110                             
 0402     9    F    0  0   1        01011000 1110                             
 0403     A    F    0  0   1        01011000 1110                             
 0404     A    F    0  0   1        01011000 1110                             
 0405     B    F    0  0   1        01011000 1110                             
 0406     B    F    0  0   1        01011000 1110                             
 0407     C    F    0  0   1        01011000 1110                             
 0408     C    F    0  0   1        01011000 1110                             
 0409     3    F    1  0   0        01011000 1111                             
 0410     3    E    1  0   0        01011000 1111                             
 0411     4    E    1  0   0        01011000 1111                             
 0412     4    0    1  1   0        01011000 1111                             
 0413     5    0    1  1   0        01011000 1111                             
 0414     5    8    1  1   0        01011000 1111                             
 0415     3    F    0  0   1        01011000 1110                             
 0416     3    0    0  1   1        01011000 1110                             
 0417     4    0    0  1   1        01011000 1110                             
 0418     4    0    0  1   1        01011000 1110                             
 0419     5    0    0  1   1        01011000 1110                             
 0420     5    0    0  1   1        01011000 1110                             
 0421     6    0    0  1   1        01011000 1110                             
 0422     6    0    0  1   1        01011000 1110                             
 0423     7    0    0  1   1        01011000 1110                             
 0424     7    0    0  1   1        01011000 1110                             
 0425     8    0    0  1   1        01011000 1110                             
 0426     8    0    0  1   1        01011000 1110                             
 0427     9    0    0  1   1        01011000 1110                             
 0428     9    0    0  1   1        01011000 1110                             
 0429     A    0    0  1   1        01011000 1110                             
 0430     A    0    0  1   1        01011000 1110                             
 0431     B    0    0  1   1        01011000 1110                             
 0432     B    0    0  1   1        01011000 1110                             
 0433     C    0    0  1   1        01011000 1110                             
 0434     C    0    0  1   1        01011000 1110                             
 0435     3    F    1  0   0        01011000 1111                             
 0436     3    F    1  0   0        01011000 1111                             
 0437     3    F    0  0   1        01011000 1110                             
 0438     3    F    0  0   1        01011000 1110                             
 0439     4    F    0  0   1        01011000 1110                             
 0440     4    F    0  0   1        01011000 1110                             
 0441     5    F    0  0   1        01011000 1110                             
 0442     5    F    0  0   1        01011000 1110                             
 0443     6    F    0  0   1        01011000 1110                             
 0444     6    F    0  0   1        01011000 1110                             
 0445     6    F    0  0   1        01011000 1110                             
 0446     7    F    0  0   1        01011000 1110                             
 0447     8    F    0  0   1        01011000 1110                             
 0448     8    F    0  0   1        01011000 1110                             
 0449     9    F    0  0   1        01011000 1110                             
 0450     9    F    0  0   1        01011000 1110                             
 0451     A    F    0  0   1        01011000 1110                             
 0452     A    F    0  0   1        01011000 1110                             
 0453     A    F    0  0   1        01011000 1110                             
 0454     B    F    0  0   1        01011000 1110                             
 0455     C    F    0  0   1        01011000 1110                             
 0456     C    F    0  0   1        01011000 1110                             
 0457     9    F    1  0   0        01011000 1111                             
 0458     9    0    1  1   0        01011000 1111                             
 0459     A    0    1  1   0        01011000 1111                             
 0460     A    0    1  1   0        01011000 1111                             
 0461     B    0    1  1   0        01011000 1111                             
 0462     B    0    1  1   0        01011000 1111                             
 0463     3    F    1  0   1        01011000 1111                             
 0464     3    F    1  0   1        01011000 1111                             
 0465     4    F    1  0   1        01011000 1111                             
 0466     4    F    1  0   1        01011000 1111                             
 0467     5    F    1  0   1        01011000 1111                             
 0468     5    F    1  0   1        01011000 1111                             
 0469     6    F    1  0   1        01011000 1111                             
 0470     6    F    1  0   1        01011000 1111                             
 0471     6    F    1  0   1        01011000 1111                             
 0472     7    F    1  0   1        01011000 1111                             
 0473     8    F    1  0   1        01011000 1111                             
 0474     8    F    1  0   1        01011000 1111                             
 0475     9    F    1  0   1        01011000 1111                             
 0476     9    F    1  0   1        01011000 1111                             
 0477     A    F    1  0   1        01011000 1111                             
 0478     A    F    1  0   1        01011000 1111                             
 0479     A    F    1  0   1        01011000 1111                             
 0480     B    F    1  0   1        01011000 1111                             
 0481     C    F    1  0   1        01011000 1111                             
 0482     C    F    1  0   1        01011000 1111                             
 0483     9    F    1  0   0        01011000 1111                             
 0484     9    0    1  1   0        01011000 1111                             
 0485     A    0    1  1   0        01011000 1111                             
 0486     A    0    1  1   0        01011000 1111                             
 0487     B    0    1  1   0        01011000 1111                             
 0488     B    4    1  0   0        01011000 1111                             
 0489     1    0    1  1   1        01011000 1111                             
 0490     1    0    1  1   1        01011000 1111                             
 0491     2    0    1  1   1        01011000 1111                             
 0492     2    0    1  1   1        01011000 1111                             
 0493     3    0    1  1   1        01011000 1111                             
 0494     3    0    1  1   1        01011000 1111                             
 0495     4    0    1  1   1        01011000 1111                             
 0496     4    0    1  1   1        01011000 1111                             
 0497     5    0    1  1   1        01011000 1111                             
 0498     5    0    1  1   1        01011000 1111                             
 0499     6    0    1  1   1        01011000 1111                             
 0500     6    0    1  1   1        01011000 1111                             
 0501     7    0    1  1   1        01011000 1111                             
 0502     7    0    1  1   1        01011000 1111                             
 0503     8    0    1  1   1        01011000 1111                             
 0504     8    0    1  1   1        01011000 1111                             
 0505     9    0    1  1   1        01011000 1111                             
 0506     9    0    1  1   1        01011000 1111                             
 0507     A    0    1  1   1        01011000 1111                             
 0508     A    8    1  1   1        01011000 1111                             
 0509     B    8    1  1   1        01011000 1111                             
 0510     B    0    1  1   1        01011000 1111                             
 0511     C    0    1  1   1        01011000 1111                             
 0512     C    0    1  1   1        01011000 1111                             
 0513     3    F    1  0   0        01011000 1111                             
 0514     3    D    1  0   0        01011000 1111                             
 0515     4    D    1  0   0        01011000 1111                             
 0516     4    0    1  1   0        01011000 1111                             
 0517     5    0    1  1   0        01011000 1111                             
 0518     5    8    1  1   0        01011000 1111                             
 0519     3    F    1  0   0        01011000 1111                             
 0520     3    C    1  0   0        01011000 1111                             
 0521     3    F    0  0   1        01011000 1110                             
 0522     3    0    0  1   1        01011000 1110                             
 0523     4    0    0  1   1        01011000 1110                             
 0524     4    0    0  1   1        01011000 1110                             
 0525     5    0    0  1   1        01011000 1110                             
 0526     5    0    0  1   1        01011000 1110                             
 0527     6    0    0  1   1        01011000 1110                             
 0528     6    0    0  1   1        01011000 1110                             
 0529     7    0    0  1   1        01011000 1110                             
 0530     7    0    0  1   1        01011000 1110                             
 0531     8    0    0  1   1        01011000 1110                             
 0532     8    0    0  1   1        01011000 1110                             
 0533     9    0    0  1   1        01011000 1110                             
 0534     9    0    0  1   1        01011000 1110                             
 0535     A    0    0  1   1        01011000 1110                             
 0536     A    0    0  1   1        01011000 1110                             
 0537     B    0    0  1   1        01011000 1110                             
 0538     B    0    0  1   1        01011000 1110                             
 0539     C    0    0  1   1        01011000 1110                             
 0540     C    0    0  1   1        01011000 1110                             
 0541     3    F    1  0   0        01011000 1111                             
 0542     3    D    1  0   0        01011000 1111                             
 0543     3    F    0  0   1        01011000 1110                             
 0544     3    F    0  0   1        01011000 1110                             
 0545     4    F    0  0   1        01011000 1110                             
 0546     4    F    0  0   1        01011000 1110                             
 0547     5    F    0  0   1        01011000 1110                             
 0548     5    F    0  0   1        01011000 1110                             
 0549     6    F    0  0   1        01011000 1110                             
 0550     6    F    0  0   1        01011000 1110                             
 0551     7    F    0  0   1        01011000 1110                             
 0552     7    F    0  0   1        01011000 1110                             
 0553     8    F    0  0   1        01011000 1110                             
 0554     8    F    0  0   1        01011000 1110                             
 0555     9    F    0  0   1        01011000 1110                             
 0556     9    F    0  0   1        01011000 1110                             
 0557     A    F    0  0   1        01011000 1110                             
 0558     A    F    0  0   1        01011000 1110                             
 0559     A    F    0  0   1        01011000 1110                             
 0560     B    F    0  0   1        01011000 1110                             
 0561     C    F    0  0   1        01011000 1110                             
 0562     C    F    0  0   1        01011000 1110                             
 0563     3    0    1  1   1        01011000 1111                             
 0564     3    F    1  0   1        01011000 1111                             
 0565     4    F    1  0   1        01011000 1111                             
 0566     4    F    1  0   1        01011000 1111                             
 0567     5    F    1  0   1        01011000 1111                             
 0568     5    F    1  0   1        01011000 1111                             
 0569     6    F    1  0   1        01011000 1111                             
 0570     6    F    1  0   1        01011000 1111                             
 0571     6    F    1  0   1        01011000 1111                             
 0572     7    F    1  0   1        01011000 1111                             
 0573     8    F    1  0   1        01011000 1111                             
 0574     8    F    1  0   1        01011000 1111                             
 0575     9    F    1  0   1        01011000 1111                             
 0576     9    F    1  0   1        01011000 1111                             
 0577     A    F    1  0   1        01011000 1111                             
 0578     A    F    1  0   1        01011000 1111                             
 0579     A    F    1  0   1        01011000 1111                             
 0580     B    F    1  0   1        01011000 1111                             
 0581     C    F    1  0   1        01011000 1111                             
 0582     C    1    1  1   1        01011000 1111                             
 0583     2    F    1  0   0        01011000 1111                             
 0584     3    C    1  0   0        01011000 1111                             
 0585     3    F    1  0   1        01011000 1111                             
 0586     3    0    1  1   1        01011000 1111                             
 0587     4    0    1  1   1        01011000 1111                             
 0588     4    0    1  1   1        01011000 1111                             
 0589     5    0    1  1   1        01011000 1111                             
 0590     5    0    1  1   1        01011000 1111                             
 0591     6    0    1  1   1        01011000 1111                             
 0592     6    0    1  1   1        01011000 1111                             
 0593     7    0    1  1   1        01011000 1111                             
 0594     7    0    1  1   1        01011000 1111                             
 0595     8    0    1  1   1        01011000 1111                             
 0596     8    0    1  1   1        01011000 1111                             
 0597     9    0    1  1   1        01011000 1111                             
 0598     9    0    1  1   1        01011000 1111                             
 0599     A    0    1  1   1        01011000 1111                             
 0600     A    0    1  1   1        01011000 1111                             
 0601     B    0    1  1   1        01011000 1111                             
 0602     B    0    1  1   1        01011000 1111                             
 0603     C    0    1  1   1        01011000 1111                             
 0604     C    5    1  0   1        01011000 1111                             
 0605     3    F    1  0   0        01011000 1111                             
 0606     3    C    1  0   0        01011000 1111                             
 0607     4    C    1  0   0        01011000 1111                             
 0608     4    0    1  1   0        01011000 1111                             
 0609     5    0    1  1   0        01011000 1111                             
 0610     5    8    1  1   0        01011000 1111                             
 0611     3    F    1  0   0        01011000 1111                             
 0612     3    C    1  0   0        01011000 1111                             
 0613     4    C    1  0   0        01011000 1111                             
 0614     4    0    1  1   0        01011000 1111                             
 0615     5    0    1  1   0        01011000 1111                             
 0616     5    8    1  1   0        01011000 1111                             
 0617     3    F    0  0   1        01011000 1110                             
 0618     3    0    0  1   1        01011000 1110                             
 0619     4    0    0  1   1        01011000 1110                             
 0620     4    0    0  1   1        01011000 1110                             
 0621     5    0    0  1   1        01011000 1110                             
 0622     5    0    0  1   1        01011000 1110                             
 0623     6    0    0  1   1        01011000 1110                             
 0624     6    0    0  1   1        01011000 1110                             
 0625     7    0    0  1   1        01011000 1110                             
 0626     7    0    0  1   1        01011000 1110                             
 0627     8    0    0  1   1        01011000 1110                             
 0628     8    0    0  1   1        01011000 1110                             
 0629     9    0    0  1   1        01011000 1110                             
 0630     9    0    0  1   1        01011000 1110                             
 0631     A    0    0  1   1        01011000 1110                             
 0632     A    0    0  1   1        01011000 1110                             
 0633     B    0    0  1   1        01011000 1110                             
 0634     B    0    0  1   1        01011000 1110                             
 0635     C    0    0  1   1        01011000 1110                             
 0636     C    5    0  0   1        01011000 1110                             
 0637     3    5    1  0   0        01011000 1111                             
 0638     3    