 STATE LISTING OF AQU MEM  
  POS         ADDR    DATA   CE
 6930     00      F    0000000                                                
 6931     00      F    0000000                                                
 6932     75      0    1101111                                                
 6933     74      1    1101111                                                
 6934     73      3    1101111                                                
 6935     7F      1    1111111                                                
 6936     7E      3    1111111                                                
 6937     7C      0    1011111                                                
 6938     7B      0    1011111                                                
 6939     7A      0    1011111                                                
 6940     79      0    1011111                                                
 6941     78      0    1011111                                                
 6942     77      0    1011111                                                
 6943     76      0    1011111                                                
 6944     75      0    1011111                                                
 6945     74      0    1011111                                                
 6946     73      0    1011111                                                
 6947     7C      F    1011111                                                
 6948     7B      F    1011111                                                
 6949     7A      F    1011111                                                
 6950     79      F    1011111                                                
 6951     78      F    1011111                                                
 6952     77      F    1011111                                                
 6953     76      F    1011111                                                
 6954     75      F    1011111                                                
 6955     74      F    1011111                                                
 6956     73      F    1011111                                                
 6957     7C      0    1011111                                                
 6958     7B      0    1011111                                                
 6959     7A      0    1011111                                                
 6960     79      0    1011111                                                
 6961     78      0    1011111                                                
 6962     77      0    1011111                                                
 6963     76      0    1011111                                                
 6964     75      0    1011111                                                
 6965     74      0    1011111                                                
 6966     73      0    1011111                                                
 6967     7C      F    1011111                                                
 6968     7B      F    1011111                                                
 6969     7A      F    1011111                                                
 6970     79      F    1011111                                                
 6971     78      F    1011111                                                
 6972     77      F    1011111                                                
 6973     76      F    1011111                                                
 6974     75      F    1011111                                                
 6975     74      F    1011111                                                
 6976     73      F    1011111                                                
 6977     7C      0    1011111                                                
 6978     7B      F    1011111                                                
 6979     7A      F    1011111                                                
 6980     79      F    1011111                                                
 6981     78      F    1011111                                                
 6982     77      F    1011111                                                
 6983     76      F    1011111                                                
 6984     75      F    1011111                                                
 6985     74      F    1011111                                                
 6986     73      1    1011111                                                
 6987     7C      0    1011111                                                
 6988     7B      0    1011111                                                
 6989     7A      0    1011111                                                
 6990     79      0    1011111                                                
 6991     78      0    1011111                                                
 6992     77      0    1011111                                                
 6993     76      0    1011111                                                
 6994     75      0    1011111                                                
 6995     74      0    1011111                                                
 6996     73      0    1011111                                                
 6997     7D      F    1111111                                                
 6998     7C      F    1111111                                                
 6999     7E      0    1101111                                                
 7000     7D      0    1101111                                                
 7001     7C      1    1101111                                                
 7002     7B      F    1101111                                                
 7003     7A      F    1101111                                                
 7004     79      F    1101111                                                
 7005     78      F    1101111                                                
 7006     77      F    1101111                                                
 7007     76      F    1101111                                                
 7008     75      F    1101111                                                
 7009     74      F    1101111                                                
 7010     73      1    1101111                                                
 7011     7E      0    1101111                                                
 7012     7D      0    1101111                                                
 7013     7C      0    1101111                                                
 7014     7B      0    1101111                                                
 7015     7A      0    1101111                                                
 7016     79      0    1101111                                                
 7017     78      0    1101111                                                
 7018     77      0    1101111                                                
 7019     76      0    1101111                                                
 7020     75      0    1101111                                                
 7021     74      0    1101111                                                
 7022     73      0    1101111                                                
 7023     7E      0    1011111                                                
 7024     7D      0    1011111                                                
 7025     7C      8    1011111                                                
 7026     7B      F    1011111                                                
 7027     7A      F    1011111                                                
 7028     79      F    1011111                                                
 7029     78      F    1011111                                                
 7030     77      F    1011111                                                
 7031     76      F    1011111                                                
 7032     75      F    1011111                                                
 7033     74      F    1011111                                                
 7034     73      F    1011111                                                
 7035     7E      0    1011111                                                
 7036     7D      0    1011111                                                
 7037     7C      0    1011111                                                
 7038     7B      0    1011111                                                
 7039     7A      0    1011111                                                
 7040     79      0    1011111                                                
 7041     78      0    1011111                                                
 7042     77      0    1011111                                                
 7043     76      0    1011111                                                
 7044     75      0    1011111                                                
 7045     74      0    1011111                                                
 7046     73      0    1011111                                                
 7047     74      E    1101111                                                
 7048     74      5    1101111                                                
 7049     74      F    1101111                                                
 7050     74      0    1101111                                                
 7051     75      4    1101111                                                
 7052     74      4    1101111                                                
 7053     73      0    1101111                                                
 7054     7D      0    1111111                                                
 7055     7C      3    1111111                                                
 7056     7C      3    1011111                                                
 7057     7B      F    1011111                                                
 7058     7A      F    1011111                                                
 7059     79      F    1011111                                                
 7060     78      F    1011111                                                
 7061     77      F    1011111                                                
 7062     76      F    1011111                                                
 7063     75      F    1011111                                                
 7064     74      0    1011111                                                
 7065     73      0    1011111                                                
 7066     7C      0    1011111                                                
 7067     7B      0    1011111                                                
 7068     7A      0    1011111                                                
 7069     79      0    1011111                                                
 7070     78      0    1011111                                                
 7071     77      0    1011111                                                
 7072     76      0    1011111                                                
 7073     75      0    1011111                                                
 7074     74      0    1011111                                                
 7075     73      3    1011111                                                
 7076     7B      F    1111111                                                
 7077     7A      F    1111111                                                
 7078     7E      6    1101111                                                
 7079     7D      0    1101111                                                
 7080     7C      1    1101111                                                
 7081     7B      F    1101111                                                
 7082     7A      F    1101111                                                
 7083     79      F    1101111                                                
 7084     78      F    1101111                                                
 7085     77      F    1101111                                                
 7086     76      F    1101111                                                
 7087     75      F    1101111                                                
 7088     74      0    1101111                                                
 7089     73      0    1101111                                                
 7090     7E      0    1101111                                                
 7091     7D      0    1101111                                                
 7092     7C      0    1101111                                                
 7093     7B      0    1101111                                                
 7094     7A      0    1101111                                                
 7095     79      0    1101111                                                
 7096     78      0    1101111                                                
 7097     77      0    1101111                                                
 7098     76      0    1101111                                                
 7099     75      0    1101111                                                
 7100     74      0    1101111                                                
 7101     73      3    1101111                                                
 7102     7E      0    1011111                                                
 7103     7D      0    1011111                                                
 7104     7C      8    1011111                                                
 7105     7B      F    1011111                                                
 7106     7A      F    1011111                                                
 7107     79      F    1011111                                                
 7108     78      F    1011111                                                
 7109     77      F    1011111                                                
 7110     76      F    1011111                                                
 7111     75      F    1011111                                                
 7112     74      F    1011111                                                
 7113     73      F    1011111                                                
 7114     7E      0    1011111                                                
 7115     7D      0    1011111                                                
 7116     7C      0    1011111                                                
 7117     7B      0    1011111                                                
 7118     7A      0    1011111                                                
 7119     79      0    1011111                                                
 7120     78      0    1011111                                                
 7121     77      0    1011111                                                
 7122     76      0    1011111                                                
 7123     75      0    1011111                                                
 7124     74      0    1011111                                                
 7125     73      0    1011111                                                
 7126     75      E    1101111                                                
 7127     75      5    1101111                                                
 7128     75      F    1101111                                                
 7129     75      0    1101111                                                
 7130     75      E    1101111                                                
 7131     75      5    1101111                                                
 7132     75      F    1101111                                                
 7133     75      0    1101111                                                
 7134     75      E    1101111                                                
 7135     75      5    1101111                                                
 7136     75      F    1101111                                                
 7137     75      0    1101111                                                
 7138     75      E    1101111                                                
 7139     75      5    1101111                                                
 7140     75      0    1101111                                                
 7141     74      0    1101111                                                
 7142     73      0    1101111                                                
 7143     7B      8    1111111                                                
 7144     7A      4    1111111                                                
 7145     7C      3    1011111                                                
 7146     7B      F    1011111                                                
 7147     7A      F    1011111                                                
 7148     79      F    1011111                                                
 7149     78      F    1011111                                                
 7150     77      F    1011111                                                
 7151     76      F    1011111                                                
 7152     75      8    1011111                                                
 7153     74      0    1011111                                                
 7154     73      0    1011111                                                
 7155     7C      0    1011111                                                
 7156     7B      0    1011111                                                
 7157     7A      0    1011111                                                
 7158     79      0    1011111                                                
 7159     78      0    1011111                                                
 7160     77      0    1011111                                                
 7161     76      0    1011111                                                
 7162     75      0    1011111                                                
 7163     74      0    1011111                                                
 7164     73      3    1011111                                                
 7165     79      F    1111111                                                
 7166     78      F    1111111                                                
 7167     7E      6    1101111                                                
 7168     7D      0    1101111                                                
 7169     7C      1    1101111                                                
 7170     7B      F    1101111                                                
 7171     7A      F    1101111                                                
 7172     79      F    1101111                                                
 7173     78      F    1101111                                                
 7174     77      F    1101111                                                
 7175     76      F    1101111                                                
 7176     75      8    1101111                                                
 7177     74      0    1101111                                                
 7178     73      0    1101111                                                
 7179     7E      0    1101111                                                
 7180     7D      0    1101111                                                
 7181     7C      0    1101111                                                
 7182     7B      0    1101111                                                
 7183     7A      0    1101111                                                
 7184     79      0    1101111                                                
 7185     78      0    1101111                                                
 7186     77      0    1101111                                                
 7187     76      0    1101111                                                
 7188     75      0    1101111                                                
 7189     74      0    1101111                                                
 7190     73      3    1101111                                                
 7191     7E      0    1011111                                                
 7192     7D      0    1011111                                                
 7193     7C      8    1011111                                                
 7194     7B      F    1011111                                                
 7195     7A      F    1011111                                                
 7196     79      F    1011111                                                
 7197     78      F    1011111                                                
 7198     77      F    1011111                                                
 7199     76      F    1011111                                                
 7200     75      F    1011111                                                
 7201     74      F    1011111                                                
 7202     73      F    1011111                                                
 7203     7E      0    1011111                                                
 7204     7D      0    1011111                                                
 7205     7C      0    1011111                                                
 7206     7B      0    1011111                                                
 7207     7A      0    1011111                                                
 7208     79      0    1011111                                                
 7209     78      0    1011111                                                
 7210     77      0    1011111                                                
 7211     76      0    1011111                                                
 7212     75      0    1011111                                                
 7213     74      0    1011111                                                
 7214     73      0    1011111                                                
 7215     76      E    1101111                                                
 7216     76      5    1101111                                                
 7217     76      F    1101111                                                
 7218     76      0    1101111                                                
 7219     76      E    1101111                                                
 7220     76      5    1101111                                                
 7221     75      0    1101111                                                
 7222     74      0    1101111                                                
 7223     73      0    1101111                                                
 7224     79      D    1111111                                                
 7225     78      4    1111111                                                
 7226     7C      3    1011111                                                
 7227     7B      F    1011111                                                
 7228     7A      F    1011111                                                
 7229     79      F    1011111                                                
 7230     78      F    1011111                                                
 7231     77      F    1011111                                                
 7232     76      D    1011111                                                
 7233     75      8    1011111                                                
 7234     74      0    1011111                                                
 7235     73      0    1011111                                                
 7236     7C      0    1011111                                                
 7237     7B      0    1011111                                                
 7238     7A      0    1011111                                                
 7239     79      0    1011111                                                
 7240     78      0    1011111                                                
 7241     77      0    1011111                                                
 7242     76      0    1011111                                                
 7243     75      4    1011111                                                
 7244     74      0    1011111                                                
 7245     73      3    1011111                                                
 7246     77      F    1111111                                                
 7247     76      F    1111111                                                
 7248     7E      2    1101111                                                
 7249     7D      0    1101111                                                
 7250     7C      1    1101111                                                
 7251     7B      F    1101111                                                
 7252     7A      F    1101111                                                
 7253     79      F    1101111                                                
 7254     78      F    1101111                                                
 7255     77      F    1101111                                                
 7256     76      D    1101111                                                
 7257     75      8    1101111                                                
 7258     74      0    1101111                                                
 7259     73      0    1101111                                                
 7260     7E      0    1101111                                                
 7261     7D      0    1101111                                                
 7262     7C      0    1101111                                                
 7263     7B      0    1101111                                                
 7264     7A      0    1101111                                                
 7265     79      0    1101111                                                
 7266     78      0    1101111                                                
 7267     77      0    1101111                                                
 7268     76      0    1101111                                                
 7269     75      4    1101111                                                
 7270     74      0    1101111                                                
 7271     73      3    1101111                                                
 7272     7E      0    1011111                                                
 7273     7D      0    1011111                                                
 7274     7C      8    1011111                                                
 7275     7B      F    1011111                                                
 7276     7A      F    1011111                                                
 7277     79      F    1011111                                                
 7278     78      F    1011111                                                
 7279     77      F    1011111                                                
 7280     76      F    1011111                                                
 7281     75      F    1011111                                                
 7282     74      F    1011111                                                
 7283     73      F    1011111                                                
 7284     7E      0    1011111                                                
 7285     7D      0    1011111                                                
 7286     7C      0    1011111                                                
 7287     7B      0    1011111                                                
 7288     7A      0    1011111                                                
 7289     79      0    1011111                                                
 7290     78      0    1011111                                                
 7291     77      0    1011111                                                
 7292     76      0    1011111                                                
 7293     75      0    1011111                                                
 7294     74      0    1011111                                                
 7295     73      0    1011111                                                
 7296     77      E    1101111                                                
 7297     77      5    1101111                                                
 7298     77      F    1101111                                                
 7299     77      0    1101111                                                
 7300     77      E    1101111                                                
 7301     77      5    1101111                                                
 7302     77      F    1101111                                                
 7303     77      0    1101111                                                
 7304     77      E    1101111                                                
 7305     77      5    1101111                                                
 7306     77      F    1101111                                                
 7307     77      0    1101111                                                
 7308     75      0    1101111                                                
 7309     74      0    1101111                                                
 7310     73      0    1101111                                                
 7311     77      F    1111111                                                
 7312     76      4    1111111                                                
 7313     7C      3    1011111                                                
 7314     7B      F    1011111                                                
 7315     7A      F    1011111                                                
 7316     79      F    1011111                                                
 7317     78      F    1011111                                                
 7318     77      F    1011111                                                
 7319     76      D    1011111                                                
 7320     75      8    1011111                                                
 7321     74      0    1011111                                                
 7322     73      0    1011111                                                
 7323     7C      0    1011111                                                
 7324     7B      0    1011111                                                
 7325     7A      0    1011111                                                
 7326     79      0    1011111                                                
 7327     78      0    1011111                                                
 7328     77      0    1011111                                                
 7329     76      4    1011111                                                
 7330     75      4    1011111                                                
 7331     74      0    1011111                                                
 7332     73      3    1011111                                                
 7333     75      F    1111111                                                
 7334     74      F    1111111                                                
 7335     7E      6    1101111                                                
 7336     7D      0    1101111                                                
 7337     7C      1    1101111                                                
 7338     7B      F    1101111                                                
 7339     7A      F    1101111                                                
 7340     79      F    1101111                                                
 7341     78      F    1101111                                                
 7342     77      F    1101111                                                
 7343     76      D    1101111                                                
 7344     75      8    1101111                                                
 7345     74      0    1101111                                                
 7346     73      0    1101111                                                
 7347     7E      0    1101111                                                
 7348     7D      0    1101111                                                
 7349     7C      0    1101111                                                
 7350     7B      0    1101111                                                
 7351     7A      0    1101111                                                
 7352     79      0    1101111                                                
 7353     78      0    1101111                                                
 7354     77      0    1101111                                                
 7355     76      4    1101111                                                
 7356     75      4    1101111                                                
 7357     74      0    1101111                                                
 7358     73      3    1101111                                                
 7359     7E      0    1011111                                                
 7360     7D      0    1011111                                                
 7361     7C      8    1011111                                                
 7362     7B      F    1011111                                                
 7363     7A      F    1011111                                                
 7364     79      F    1011111                                                
 7365     78      F    1011111                                                
 7366     77      F    1011111                                                
 7367     76      F    1011111                                                
 7368     75      F    1011111                                                
 7369     74      F    1011111                                                
 7370     73      F    1011111                                                
 7371     7E      0    1011111                                                
 7372     7D      0    1011111                                                
 7373     7C      0    1011111                                                
 7374     7B      0    1011111                                                
 7375     7A      0    1011111                                                
 7376     79      0    1011111                                                
 7377     78      0    1011111                                                
 7378     77      0    1011111                                                
 7379     76      0    1011111                                                
 7380     75      0    1011111                                                
 7381     74      0    1011111                                                
 7382     73      0    1011111                                                
 7383     78      E    1101111                                                
 7384     78      5    1101111                                                
 7385     78      F    1101111                                                
 7386     78      0    1101111                                                
 7387     78      E    1101111                                                
 7388     78      5    1101111                                                
 7389     78      F    1101111                                                
 7390     78      0    1101111                                                
 7391     78      E    1101111                                                
 7392     78      5    1101111                                                
 7393     78      F    1101111                                                
 7394     78      0    1101111                                                
 7395     78      E    1101111                                                
 7396     78      5    1101111                                                
 7397     78      F    1101111                                                
 7398     78      0    1101111                                                
 7399     78      E    1101111                                                
 7400     78      5    1101111                                                
 7401     78      F    1101111                                                
 7402     78      0    1101111                                                
 7403     78      E    1101111                                                
 7404     78      5    1101111                                                
 7405     78      F    1101111                                                
 7406     78      0    1101111                                                
 7407     78      E    1101111                                                
 7408     78      5    1101111                                                
 7409     75      0    1101111                                                
 7410     74      0    1101111                                                
 7411     73      0    1101111                                                
 7412     75      0    1111111                                                
 7413     74      4    1111111                                                
 7414     7C      3    1011111                                                
 7415     7B      F    1011111                                                
 7416     7A      F    1011111                                                
 7417     79      F    1011111                                                
 7418     78      0    1011111                                                
 7419     77      0    1011111                                                
 7420     76      D    1011111                                                
 7421     75      8    1011111                                                
 7422     74      0    1011111                                                
 7423     73      0    1011111                                                
 7424     7C      0    1011111                                                
 7425     7B      0    1011111                                                
 7426     7A      0    1011111                                                
 7427     79      0    1011111                                                
 7428     78      0    1011111                                                
 7429     77      4    1011111                                                
 7430     76      4    1011111                                                
 7431     75      4    1011111                                                
 7432     74      0    1011111                                                
 7433     73      3    1011111                                                
 7434     73      F    1111111                                                
 7435     72      F    1111111                                                
 7436     7E      6    1101111                                                
 7437     7D      0    1101111                                                
 7438     7C      1    1101111                                                
 7439     7B      F    1101111                                                
 7440     7A      F    1101111                                                
 7441     79      F    1101111                                                
 7442     78      0    1101111                                                
 7443     77      0    1101111                                                
 7444     76      D    1101111                                                
 7445     75      8    1101111                                                
 7446     74      0    1101111                                                
 7447     73      0    1101111                                                
 7448     7E      0    1101111                                                
 7449     7D      0    1101111                                                
 7450     7C      0    1101111                                                
 7451     7B      0    1101111                                                
 7452     7A      0    1101111                                                
 7453     79      0    1101111                                                
 7454     78      0    1101111                                                
 7455     77      4    1101111                                                
 7456     76      4    1101111                                                
 7457     75      4    1101111                                                
 7458     74      0    1101111                                                
 7459     73      3    1101111                                                
 7460     7E      0    1011111                                                
 7461     7D      0    1011111                                                
 7462     7C      8    1011111                                                
 7463     7B      F    1011111                                                
 7464     7A      F    1011111                                                
 7465     79      F    1011111                                                
 7466     78      F    1011111                                                
 7467     77      F    1011111                                                
 7468     76      F    1011111                                                
 7469     75      F    1011111                                                
 7470     74      F    1011111                                                
 7471     73      F    1011111                                                
 7472     7E      0    1011111                                                
 7473     7D      0    1011111                                                
 7474     7C      0    1011111                                                
 7475     7B      0    1011111                                                
 7476     7A      0    1011111                                                
 7477     79      0    1011111                                                
 7478     78      0    1011111                                                
 7479     77      0    1011111                                                
 7480     76      0    1011111                                                
 7481     75      0    1011111                                                
 7482     74      0    1011111                                                
 7483     73      0    1011111                                                
 7484     79      E    1101111                                                
 7485     79      5    1101111                                                
 7486     79      F    1101111                                                
 7487     79      0    1101111                                                
 7488     79      E    1101111                                                
 7489     79      5    1101111                                                
 7490     79      F    1101111                                                
 7491     79      0    1101111                                                
 7492     79      E    1101111                                                
 7493     79      5    1101111                                                
 7494     79      F    1101111                                                
 7495     79      0    1101111                                                
 7496     79      E    1101111                                                
 7497     79      5    1101111                                                
 7498     79      F    1101111                                                
 7499     79      0    1101111                                                
 7500     79      E    1101111                                                
 7501     79      5    1101111                                                
 7502     79      F    1101111                                                
 7503     79      0    1101111                                                
 7504     75      0    1101111                                                
 7505     74      0    1101111                                                
 7506     73      0    1101111                                                
 7507     73      9    1111111                                                
 7508     72      1    1111111                                                
 7509     7C      3    1011111                                                
 7510     7B      F    1011111                                                
 7511     7A      F    1011111                                                
 7512     79      9    1011111                                                
 7513     78      0    1011111                                                
 7514     77      0    1011111                                                
 7515     76      D    1011111                                                
 7516     75      8    1011111                                                
 7517     74      0    1011111                                                
 7518     73      0    1011111                                                
 7519     7C      0    1011111                                                
 7520     7B      0    1011111                                                
 7521     7A      0    1011111                                                
 7522     79      0    1011111                                                
 7523     78      0    1011111                                                
 7524     77      4    1011111                                                
 7525     76      4    1011111                                                
 7526     75      4    1011111                                                
 7527     74      0    1011111                                                
 7528     73      3    1011111                                                
 7529     71      F    1111111                                                
 7530     70      F    1111111                                                
 7531     7E      2    1101111                                                
 7532     7D      0    1101111                                                
 7533     7C      1    1101111                                                
 7534     7B      F    1101111                                                
 7535     7A      F    1101111                                                
 7536     79      9    1101111                                                
 7537     78      0    1101111                                                
 7538     77      0    1101111                                                
 7539     76      D    1101111                                                
 7540     75      8    1101111                                                
 7541     74      0    1101111                                                
 7542     73      0    1101111                                                
 7543     7E      0    1101111                                                
 7544     7D      0    1101111                                                
 7545     7C      0    1101111                                                
 7546     7B      0    1101111                                                
 7547     7A      0    1101111                                                
 7548     79      0    1101111                                                
 7549     78      0    1101111                                                
 7550     77      4    1101111                                                
 7551     76      4    1101111                                                
 7552     75      4    1101111                                                
 7553     74      0    1101111                                                
 7554     73      3    1101111                                                
 7555     7E      0    1011111                                                
 7556     7D      0    1011111                                                
 7557     7C      8    1011111                                                
 7558     7B      F    1011111                                                
 7559     7A      F    1011111                                                
 7560     79      F    1011111                                                
 7561     78      F    1011111                                                
 7562     77      F    1011111                                                
 7563     76      F    1011111                                                
 7564     75      F    1011111                                                
 7565     74      F    1011111                                                
 7566     73      F    1011111                                                
 7567     7E      0    1011111                                                
 7568     7D      0    1011111                                                
 7569     7C      0    1011111                                                
 7570     7B      0    1011111                                                
 7571     7A      0    1011111                                                
 7572     79      0    1011111                                                
 7573     78      0    1011111                                                
 7574     77      0    1011111                                                
 7575     76      0    1011111                                                
 7576     75      0    1011111                                                
 7577     74      0    1011111                                                
 7578     73      0    1011111                                                
 7579     7A      E    1101111                                                
 7580     7A      5    1101111                                                
 7581     7A      F    1101111                                                
 7582     7A      0    1101111                                                
 7583     7A      E    1101111                                                
 7584     7A      5    1101111                                                
 7585     7A      F    1101111                                                
 7586     7A      0    1101111                                                
 7587     7A      E    1101111                                                
 7588     7A      5    1101111                                                
 7589     7A      F    1101111                                                
 7590     7A      0    1101111                                                
 7591     75      0    1101111                                                
 7592     74      0    1101111                                                
 7593     73      0    1101111                                                
 7594     71      1    1111111                                                
 7595     70      4    1111111                                                
 7596     7C      3    1011111                                                
 7597     7B      F    1011111                                                
 7598     7A      1    1011111                                                
 7599     79      1    1011111                                                
 7600     78      0    1011111                                                
 7601     77      0    1011111                                                
 7602     76      D    1011111                                                
 7603     75      8    1011111                                                
 7604     74      0    1011111                                                
 7605     73      0    1011111                                                
 7606     7C      0    1011111                                                
 7607     7B      0    1011111                                                
 7608     7A      0    1011111                                                
 7609     79      0    1011111                                                
 7610     78      0    1011111                                                
 7611     77      4    1011111                                                
 7612     76      4    1011111                                                
 7613     75      4    1011111                                                
 7614     74      0    1011111                                                
 7615     73      3    1011111                                                
 7616     6F      F    1111111                                                
 7617     6E      F    1111111                                                
 7618     7E      6    1101111                                                
 7619     7D      0    1101111                                                
 7620     7C      1    1101111                                                
 7621     7B      F    1101111                                                
 7622     7A      1    1101111                                                
 7623     79      1    1101111                                                
 7624     78      0    1101111                                                
 7625     77      0    1101111                                                
 7626     76      D    1101111                                                
 7627     75      8    1101111                                                
 7628     74      0    1101111                                                
 7629     73      0    1101111                                                
 7630     7E      0    1101111                                                
 7631     7D      0    1101111                                                
 7632     7C      0    1101111                                                
 7633     7B      0    1101111                                                
 7634     7A      0    1101111                                                
 7635     79      0    1101111                                                
 7636     78      0    1101111                                                
 7637     77      4    1101111                                                
 7638     76      4    1101111                                                
 7639     75      4    1101111                                                
 7640     74      0    1101111                                                
 7641     73      3    1101111                                                
 7642     7E      0    1011111                                                
 7643     7D      0    1011111                                                
 7644     7C      8    1011111                                                
 7645     7B      F    1011111                                                
 7646     7A      F    1011111                                                
 7647     79      F    1011111                                                
 7648     78      F    1011111                                                
 7649     77      F    1011111                                                
 7650     76      F    1011111                                                
 7651     75      F    1011111                                                
 7652     74      F    1011111                                                
 7653     73      F    1011111                                                
 7654     7E      0    1011111                                                
 7655     7D      0    1011111                                                
 7656     7C      0    1011111                                                
 7657     7B      0    1011111                                                
 7658     7A      0    1011111                                                
 7659     79      0    1011111                                                
 7660     78      0    1011111                                                
 7661     77      0    1011111                                                
 7662     76      0    1011111                                                
 7663     75      0    1011111                                                
 7664     74      0    1011111                                                
 7665     73      0    1011111                                                
 7666     7B      E    1101111                                                
 7667     7B      D    1101111                                                
 7668     7B      F    1101111                                                
 7669     7B      8    1101111                                                
 7670     7B      E    1101111                                                
 7671     7B      D    1101111                                                
 7672     7B      F    1101111                                                
 7673     7B      8    1101111                                                
 7674     7B      E    1101111                                                
 7675     7B      D    1101111                                                
 7676     7B      F    1101111                                                
 7677     7B      8    1101111                                                
 7678     75      0    1101111                                                
 7679     74      0    1101111                                                
 7680     73      0    1101111                                                
 7681     7E      B    1101111                                                
 7682     7D      B    1101111                                                
 7683     7C      B    1101111                                                
 7684     7B      F    1101111                                                
 7685     7A      1    1101111                                                
 7686     79      1    1101111                                                
 7687     78      0    1101111                                                
 7688     77      0    1101111                                                
 7689     76      D    1101111                                                
 7690     75      8    1101111                                                
 7691     74      0    1101111                                                
 7692     73      0    1101111                                                
 7693     7E      0    1101111                                                
 7694     7D      0    1101111                                                
 7695     7C      0    1101111                                                
 7696     7B      0    1101111                                                
 7697     7A      0    1101111                                                
 7698     79      0    1101111                                                
 7699     78      0    1101111                                                
 7700     77      4    1101111                                                
 7701     76      4    1101111                                                
 7702     75      4    1101111                                                
 7703     74      0    1101111                                                
 7704     73      3    1101111                                                
 7705     7E      A    1011111                                                
 7706     7D      A    1011111                                                
 7707     7C      B    1011111                                                
 7708     7B      F    1011111                                                
 7709     7A      F    1011111                                                
 7710     79      F    1011111                                                
 7711     78      F    1011111                                                
 7712     77      F    1011111                                                
 7713     76      F    1011111                                                
 7714     75      F    1011111                                                
 7715     74      F    1011111                                                
 7716     73      F    1011111                                                
 7717     7E      0    1011111                                                
 7718     7D      0    1011111                                                
 7719     7C      0    1011111                                                
 7720     7B      0    1011111                                                
 7721     7A      0    1011111                                                
 7722     79      0    1011111                                                
 7723     78      0    1011111                                                
 7724     77      0    1011111                                                
 7725     76      0    1011111                                                
 7726     75      0    1011111                                                
 7727     74      0    1011111                                                
 7728     73      0    1011111                                                
 7729     7F      0    1111111                                                
 7730     7E      0    1111111                                                
 7731     7D      0    1111111                                                
 7732     7C      0    1111111                                                
 7733     7B      5    1111111                                                
 7734     7A      9    1111111                                                
 7735     79      0    1111111                                                
 7736     78      4    1111111                                                
 7737     77      0    1111111                                                
 7738     76      1    1111111                                                
 7739     75      1    1111111                                                
 7740     74      4    1111111                                                
 7741     73      4    1111111                                                
 7742     72      F    1111111                                                
 7743     7C      0    1011111                                                
 7744     7B      0    1011111                                                
 7745     7A      0    1011111                                                
 7746     79      0    1011111                                                
 7747     78      0    1011111                                                
 7748     77      0    1011111                                                
 7749     76      0    1011111                                                
 7750     75      0    1011111                                                
 7751     74      0    1011111                                                
 7752     73      0    1011111                                                
 7753     7C      F    1011111                                                
 7754     7B      F    1011111                                                
 7755     7A      F    1011111                                                
 7756     79      F    1011111                                                
 7757     78      F    1011111                                                
 7758     77      F    1011111                                                
 7759     76      F    1011111                                                
 7760     75      F    1011111                                                
 7761     74      F    1011111                                                
 7762     73      F    1011111                                                
 7763     7C      0    1011111                                                
 7764     7B      0    1011111                                                
 7765     7A      0    1011111                                                
 7766     79      0    1011111                                                
 7767     78      0    1011111                                                
 7768     77      0    1011111                                                
 7769     76      0    1011111                                                
 7770     75      0    1011111                                                
 7771     74      0    1011111                                                
 7772     73      0    1011111                                                
 7773     7C      F    1011111                                                
 7774     7B      F    1011111                                                
 7775     7A      F    1011111                                                
 7776     79      F    1011111                                                
 7777     78      F    1011111                                                
 7778     77      F    1011111                                                
 7779     76      F    1011111                                                
 7780     75      F    1011111                                                
 7781     74      F    1011111                                                
 7782     73      F    1011111                                                
 7783     7C      F    1101111                                                
 7784     7B      F    1101111                                                
 7785     7A      F    1101111                                                
 7786     79      F    1101111                                                
 7787     78      F    1101111                                                
 7788     77      F    1101111                                                
 7789     76      F    1101111                                                
 7790     75      F    1101111                                                
 7791     74      F    1101111                                                
 7792     73      F    1101111                                                
 7793     7E      0    1101111                                                
 7794     7D      0    1101111                                                
 7795     7C      0    1101111                                                
 7796     7B      0    1101111                                                
 7797     7A      0    1101111                                                
 7798     79      0    1101111                                                
 7799     78      0    1101111                                                
 7800     77      0    1101111                                                
 7801     76      0    1101111                                                
 7802     75      0    1101111                                                
 7803     74      0    1101111                                                
 7804     73      0    1101111                                                
 7805     7C      F    1011111                                                
 7806     7B      F    1011111                                                
 7807     7A      F    1011111                                                
 7808     79      F    1011111                                                
 7809     78      F    1011111                                                
 7810     77      F    1011111                                                
 7811     76      F    1011111                                                
 7812     75      F    1011111                                                
 7813     74      F    1011111                                                
 7814     73      F    1011111                                                
 7815     7E      0    1011111                                                
 7816     7D      0    1011111                                                
 7817     7C      0    1011111                                                
 7818     7B      0    1011111                                                
 7819     7A      0    1011111                                                
 7820     79      0    1011111                                                
 7821     78      0    1011111                                                
 7822     77      0    1011111                                                
 7823     76      0    1011111                                                
 7824     75      0    1011111                                                
 7825     74      0    1011111                                                
 7826     73      0    1011111                                                
 7827     77      0    1101111                                                
 7828     76      4    1101111                                                
 7829     75      0    1101111                                                
 7830     73      0    1101111                                                
 7831     72      4    1101111                                                
 7832     71      0    1101111                                                
 7833     7F      0    1101111                                                
 7834     7E      4    1101111                                                
 7835     7D      0    1101111                                                
 7836     7B      0    1101111                                                
 7837     7A      4    1101111                                                
 7838     79      0    1101111                                                
 7839     77      0    1101111                                                
 7840     76      4    1101111                                                
 7841     75      0    1101111                                                
 7842     73      0    1101111                                                
 7843     72      4    1101111                                                
 7844     71      0    1101111                                                
 7845     7F      0    1101111                                                
 7846     7E      4    1101111                                                
 7847     7D      0    1101111                                                
 7848     7B      0    1101111                                                
 7849     7A      4    1101111                                                
 7850     79      0    1101111                                                
 7851     77      0    1101111                                                
 7852     76      4    1101111                                                
 7853     75      0    1101111                                                
 7854     72      0    1101111                                                
 7855     78      F    1011111                                                
 7856     7F      0    1011111                                                
 7857     7A      F    1011111                                                
 7858     74      F    1011111                                                
 7859     70      F    1011111                                                
 7860     3F      0    1111111                                                
 7861     3E      1    1111111                                                
 7862     3D      0    1111111                                                
 7863     3C      0    1111111                                                
 7864     3B      5    1111111                                                
 7865     3A      9    1111111                                                
 7866     39      0    1111111                                                
 7867     38      4    1111111                                                
 7868     37      9    1111111                                                
 7869     36      1    1111111                                                
 7870     35      1    1111111                                                
 7871     34      4    1111111                                                
 7872     33      F    1111111                                                
 7873     32      F    1111111                                                
 7874     7F      F    1111111                                                
 7875     7E      0    1111111                                                
 7876     7D      F    1111111                                                
 7877     7C      0    1111111                                                
 7878     7B      1    1111111                                                
 7879     7A      3    1111111                                                
 7880     79      0    1111111                                                
 7881     78      3    1111111                                                
 7882     77      F    1111111                                                
 7883     76      0    1111111                                                
 7884     75      8    1111111                                                
 7885     74      4    1111111                                                
 7886     73      D    1111111                                                
 7887     72      4    1111111                                                
 7888     71      F    1111111                                                
 7889     70      4    1111111                                                
 7890     6F      F    1111111                                                
 7891     6E      0    1111111                                                
 7892     6D      0    1111111                                                
 7893     6C      4    1111111                                                
 7894     6B      9    1111111                                                
 7895     6A      1    1111111                                                
 7896     69      1    1111111                                                
 7897     68      4    1111111                                                
 7898     67      F    1111111                                                
 7899     66      F    1111111                                                
 7900     7C      0    1011111                                                
 7901     7B      F    1011111                                                
 7902     7A      F    1011111                                                
 7903     79      F    1011111                                                
 7904     78      F    1011111                                                
 7905     77      F    1011111                                                
 7906     76      F    1011111                                                
 7907     75      F    1011111                                                
 7908     74      F    1011111                                                
 7909     73      F    1011111                                                
 7910     7C      0    1011111                                                
 7911     7B      0    1011111                                                
 7912     7A      0    1011111                                                
 7913     79      0    1011111                                                
 7914     78      0    1011111                                                
 7915     77      0    1011111                                                
 7916     76      0    1011111                                                
 7917     75      0    1011111                                                
 7918     74      0    1011111                                                
 7919     73      0    1011111                                                
 7920     7C      0    1011111                                                
 7921     7B      F    1011111                                                
 7922     7A      F    1011111                                                
 7923     79      F    1011111                                                
 7924     78      F    1011111                                                
 7925     77      F    1011111                                                
 7926     76      F    1011111                                                
 7927     75      F    1011111                                                
 7928     74      F    1011111                                                
 7929     73      F    1011111                                                
 7930     7C      0    1011111                                                
 7931     7B      0    1011111                                                
 7932     7A      0    1011111                                                
 7933     79      0    1011111                                                
 7934     78      0    1011111                                                
 7935     77      0    1011111                                                
 7936     76      0    1011111                                                
 7937     75      0    1011111                                                
 7938     74      0    1011111                                                
 7939     73      0    1011111                                                
 7940     7C      0    1011111                                                
 7941     7B      F    1011111                                                
 7942     7A      F    1011111                                                
 7943     79      F    1011111                                                
 7944     78      F    1011111                                                
 7945     77      F    1011111                                                
 7946     76      F    1011111                                                
 7947     75      1    1011111                                                
 7948     74      1    1011111                                                
 7949     73      F    1011111                                                
 7950     7C      0    1011111                                                
 7951     7B      0    1011111                                                
 7952     7A      0    1011111                                                
 7953     79      0    1011111                                                
 7954     78      0    1011111                                                
 7955     77      0    1011111                                                
 7956     76      0    1011111                                                
 7957     75      0    1011111                                                
 7958     74      0    1011111                                                
 7959     73      0    1011111                                                
 7960     7C      0    1011111                                                
 7961     7B      F    1011111                                                
 7962     7A      F    1011111                                                
 7963     79      F    1011111                                                
 7964     78      F    1011111                                                
 7965     77      F    1011111                                                
 7966     76      0    1011111                                                
 7967     75      0    1011111                                                
 7968     74      1    1011111                                                
 7969     73      F    1011111                                                
 7970     7C      0    1011111                                                
 7971     7B      0    1011111                                                
 7972     7A      0    1011111                                                
 7973     79      0    1011111                                                
 7974     78      0    1011111                                                
 7975     77      0    1011111                                                
 7976     76      0    1011111                                                
 7977     75      3    1011111                                                
 7978     74      0    1011111                                                
 7979     73      0    1011111                                                
 7980     7C      0    1011111                                                
 7981     7B      F    1011111                                                
 7982     7A      F    1011111                                                
 7983     79      F    1011111                                                
 7984     78      F    1011111                                                
 7985     77      F    1011111                                                
 7986     76      0    1011111                                                
 7987     75      0    1011111                                                
 7988     74      1    1011111                                                
 7989     73      F    1011111                                                
 7990     7C      0    1011111                                                
 7991     7B      0    1011111                                                
 7992     7A      0    1011111                                                
 7993     79      0    1011111                                                
 7994     78      0    1011111                                                
 7995     77      0    1011111                                                
 7996     76      0    1011111                                                
 7997     75      3    1011111                                                
 7998     74      0    1011111                                                
 7999     73      0    1011111                                                
 8000     7C      0    1011111                                                
 8001     7B      F    1011111                                                
 8002     7A      F    1011111                                                
 8003     79      F    1011111                                                
 8004     78      8    1011111                                                
 8005     77      8    1011111                                                
 8006     76      0    1011111                                                
 8007     75      0    1011111                                                
 8008     74      1    1011111                                                
 8009     73      F    1011111                                                
 8010     7C      0    1011111                                                
 8011     7B      0    1011111                                                
 8012     7A      0    1011111                                                
 8013     79      0    1011111                                                
 8014     78      0    1011111                                                
 8015     77      0    1011111                                                
 8016     76      0    1011111                                                
 8017     75      3    1011111                                                
 8018     74      0    1011111                                                
 8019     73      0    1011111                                                
 8020     7C      0    1011111                                                
 8021     7B      F    1011111                                                
 8022     7A      F    1011111                                                
 8023     79      D    1011111                                                
 8024     78      8    1011111                                                
 8025     77      8    1011111                                                
 8026     76      0    1011111                                                
 8027     75      0    1011111                                                
 8028     74      1    1011111                                                
 8029     73      F    1011111                                                
 8030     7C      0    1011111                                                
 8031     7B      0    1011111                                                
 8032     7A      0    1011111                                                
 8033     79      0    1011111                                                
 8034     78      4    1011111                                                
 8035     77      0    1011111                                                
 8036     76      0    1011111                                                
 8037     75      3    1011111                                                
 8038     74      0    1011111                                                
 8039     73      0    1011111                                                
 8040     7C      0    1011111                                                
 8041     7B      F    1011111                                                
 8042     7A      F    1011111                                                
 8043     79      D    1011111                                                
 8044     78      8    1011111                                                
 8045     77      8    1011111                                                
 8046     76      0    1011111                                                
 8047     75      0    1011111                                                
 8048     74      1    1011111                                                
 8049     73      F    1011111                                                
 8050     7C      0    1011111                                                
 8051     7B      0    1011111                                                
 8052     7A      0    1011111                                                
 8053     79      4    1011111                                                
 8054     78      4    1011111                                                
 8055     77      0    1011111                                                
 8056     76      0    1011111                                                
 8057     75      3    1011111                                                
 8058     74      0    1011111                                                
 8059     73      0    1011111                                                
 8060     7C      0    1011111                                                
 8061     7B      F    1011111                                                
 8062     7A      F    1011111                                                
 8063     79      D    1011111                                                
 8064     78      8    1011111                                                
 8065     77      8    1011111                                                
 8066     76      0    1011111                                                
 8067     75      0    1011111                                                
 8068     74      1    1011111                                                
 8069     73      F    1011111                                                
 8070     7C      0    1011111                                                
 8071     7B      0    1011111                                                
 8072     7A      0    1011111                                                
 8073     79      4    1011111                                                
 8074     78      4    1011111                                                
 8075     77      0    1011111                                                
 8076     76      0    1011111                                                
 8077     75      3    1011111                                                
 8078     74      0    1011111                                                
 8079     73      0    1011111                                                
 8080     7C      0    1011111                                                
 8081     7B      0    1011111                                                
 8082     7A      F    1011111                                                
 8083     79      D    1011111                                                
 8084     78      8    1011111                                                
 8085     77      8    1011111                                                
 8086     76      0    1011111                                                
 8087     75      0    1011111                                                
 8088     74      1    1011111                                                
 8089     73      F    1011111                                                
 8090     7C      4    1011111                                                
 8091     7B      0    1011111                                                
 8092     7A      0    1011111                                                
 8093     79      4    1011111                                                
 8094     78      4    1011111                                                
 8095     77      0    1011111                                                
 8096     76      0    1011111                                                
 8097     75      3    1011111                                                
 8098     74      0    1011111                                                
 8099     73      0    1011111                                                
 8100     7C      0    1011111                                                
 8101     7B      F    1011111                                                
 8102     7A      F    1011111                                                
 8103     79      F    1011111                                                
 8104     78      F    1011111                                                
 8105     77      F    1011111                                                
 8106     76      F    1011111                                                
 8107     75      F    1011111                                                
 8108     74      F    1011111                                                
 8109     73      9    1011111                                                
 8110     7C      0    1011111                                                
 8111     7B      0    1011111                                                
 8112     7A      0    1011111                                                
 8113     79      0    1011111                                                
 8114     78      0    1011111                                                
 8115     77      0    1011111                                                
 8116     76      0    1011111                                                
 8117     75      0    1011111                                                
 8118     74      0    1011111                                                
 8119     73      0    1011111                                                
 8120     7C      1    1011111                                                
 8121     7B      F    1011111                                                
 8122     7A      F    1011111                                                
 8123     79      F    1011111                                                
 8124     78      F    1011111                                                
 8125     77      F    1011111                                                
 8126     76      F    1011111                                                
 8127     75      F    1011111                                                
 8128     74      1    1011111                                                
 8129     73      1    1011111                                                
 8130     7C      0    1011111                                                
 8131     7B      0    1011111                                                
 8132     7A      0    1011111                                                
 8133     79      0    1011111                                                
 8134     78      0    1011111                                                
 8135     77      0    1011111                                                
 8136     76      0    1011111                                                
 8137     75      0    1011111                                                
 8138     74      0    1011111                                                
 8139     73      0    1011111                                                
 8140     72      0    1101111                                                
 8141     7F      3    1011111                                                
 8142     7E      3    1011111                                                
 8143     7D      6    1011111                                                
 8144     7C      0    1011111                                                
 8145     7E      6    1101111                                                
 8146     7D      0    1101111                                                
 8147     7C      0    1101111                                                
 8148     7B      0    1101111                                                
 8149     7A      F    1101111                                                
 8150     79      D    1101111                                                
 8151     78      8    1101111                                                
 8152     77      8    1101111                                                
 8153     76      0    1101111                                                
 8154     75      0    1101111                                                
 8155     74      1    1101111                                                
 8156     73      F    1101111                                                
 8157     7E      0    1101111                                                
 8158     7D      0    1101111                                                
 8159     7C      0    1101111                                                
 8160     7B      0    1101111                                                
 8161     7A      0    1101111                                                
 8162     79      4    1101111                                                
 8163     78      4    1101111                                                
 8164     77      0    1101111                                                
 8165     76      0    1101111                                                
 8166     75      3    1101111                                                
 8167     74      0    1101111                                                
 8168     73      0    1101111                                                
 8169     7E      1    1011111                                                
 8170     7D      3    1011111                                                
 8171     7C      7    1011111                                                
 8172     7B      F    1011111                                                
 8173     7A      F    1011111                                                
 8174     79      F    1011111                                                
 8175     78      F    1011111                                                
 8176     77      F    1011111                                                
 8177     76      F    1011111                                                
 8178     75      F    1011111                                                
 8179     74      1    1011111                                                
 8180     73      1    1011111                                                
 8181     7E      0    1011111                                                
 8182     7D      0    1011111                                                
 8183     7C      0    1011111                                                
 8184     7B      0    1011111                                                
 8185     7A      0    1011111                                                
 8186     79      0    1011111                                                
 8187     78      0    1011111                                                
 8188     77      0    1011111                                                
 8189     76      0    1011111                                                
