 STATE LISTING OF AQU MEM  
  POS         ADDR    DATA   CE
 7740     00      F    0000000                                                
 7741     00      F    0000000                                                
 7742     00      F    0000000                                                
 7743     00      F    0000000                                                
 7744     00      F    0000000                                                
 7745     00      F    0000000                                                
 7746     00      F    0000000                                                
 7747     00      F    0000000                                                
 7748     00      F    0000000                                                
 7749     00      F    0000000                                                
 7750     00      F    0000000                                                
 7751     00      F    0000000                                                
 7752     00      F    0000000                                                
 7753     00      F    0000000                                                
 7754     00      F    0000000                                                
 7755     00      F    0000000                                                
 7756     00      F    0000000                                                
 7757     00      F    0000000                                                
 7758     75      4    1101111                                                
 7759     74      6    1101111                                                
 7760     73      0    1101111                                                
 7761     7E      0    1101111                                                
 7762     7D      B    1101111                                                
 7763     7C      B    1101111                                                
 7764     7B      F    1101111                                                
 7765     7A      0    1101111                                                
 7766     79      0    1101111                                                
 7767     78      F    1101111                                                
 7768     77      8    1101111                                                
 7769     76      0    1101111                                                
 7770     75      0    1101111                                                
 7771     74      0    1101111                                                
 7772     73      0    1101111                                                
 7773     7E      0    1101111                                                
 7774     7D      0    1101111                                                
 7775     7C      0    1101111                                                
 7776     7B      0    1101111                                                
 7777     7A      0    1101111                                                
 7778     79      0    1101111                                                
 7779     78      0    1101111                                                
 7780     77      0    1101111                                                
 7781     76      4    1101111                                                
 7782     75      4    1101111                                                
 7783     74      4    1101111                                                
 7784     73      4    1101111                                                
 7785     7E      A    1011111                                                
 7786     7D      A    1011111                                                
 7787     7C      B    1011111                                                
 7788     7B      F    1011111                                                
 7789     7A      F    1011111                                                
 7790     79      F    1011111                                                
 7791     78      F    1011111                                                
 7792     77      F    1011111                                                
 7793     76      F    1011111                                                
 7794     75      F    1011111                                                
 7795     74      F    1011111                                                
 7796     73      F    1011111                                                
 7797     7E      0    1011111                                                
 7798     7D      0    1011111                                                
 7799     7C      0    1011111                                                
 7800     7B      0    1011111                                                
 7801     7A      0    1011111                                                
 7802     79      0    1011111                                                
 7803     78      0    1011111                                                
 7804     77      0    1011111                                                
 7805     76      0    1011111                                                
 7806     75      0    1011111                                                
 7807     74      0    1011111                                                
 7808     73      0    1011111                                                
 7809     7E      B    1101111                                                
 7810     7D      B    1101111                                                
 7811     7C      B    1101111                                                
 7812     7B      F    1101111                                                
 7813     7A      0    1101111                                                
 7814     79      0    1101111                                                
 7815     78      F    1101111                                                
 7816     77      8    1101111                                                
 7817     76      0    1101111                                                
 7818     75      0    1101111                                                
 7819     74      0    1101111                                                
 7820     73      0    1101111                                                
 7821     7E      0    1101111                                                
 7822     7D      0    1101111                                                
 7823     7C      0    1101111                                                
 7824     7B      0    1101111                                                
 7825     7A      0    1101111                                                
 7826     79      0    1101111                                                
 7827     78      0    1101111                                                
 7828     77      0    1101111                                                
 7829     76      4    1101111                                                
 7830     75      4    1101111                                                
 7831     74      4    1101111                                                
 7832     73      4    1101111                                                
 7833     7E      B    1011111                                                
 7834     7D      B    1011111                                                
 7835     7C      B    1011111                                                
 7836     7B      F    1011111                                                
 7837     7A      F    1011111                                                
 7838     79      F    1011111                                                
 7839     78      F    1011111                                                
 7840     77      F    1011111                                                
 7841     76      F    1011111                                                
 7842     75      F    1011111                                                
 7843     74      F    1011111                                                
 7844     73      F    1011111                                                
 7845     7E      0    1011111                                                
 7846     7D      0    1011111                                                
 7847     7C      0    1011111                                                
 7848     7B      0    1011111                                                
 7849     7A      0    1011111                                                
 7850     79      0    1011111                                                
 7851     78      0    1011111                                                
 7852     77      0    1011111                                                
 7853     76      0    1011111                                                
 7854     75      0    1011111                                                
 7855     74      0    1011111                                                
 7856     73      0    1011111                                                
 7857     75      0    1101111                                                
 7858     74      1    1101111                                                
 7859     73      0    1101111                                                
 7860     7E      2    1101111                                                
 7861     7D      B    1101111                                                
 7862     7C      B    1101111                                                
 7863     7B      F    1101111                                                
 7864     7A      0    1101111                                                
 7865     79      0    1101111                                                
 7866     78      F    1101111                                                
 7867     77      8    1101111                                                
 7868     76      0    1101111                                                
 7869     75      0    1101111                                                
 7870     74      0    1101111                                                
 7871     73      0    1101111                                                
 7872     7E      0    1101111                                                
 7873     7D      0    1101111                                                
 7874     7C      0    1101111                                                
 7875     7B      0    1101111                                                
 7876     7A      0    1101111                                                
 7877     79      0    1101111                                                
 7878     78      0    1101111                                                
 7879     77      0    1101111                                                
 7880     76      4    1101111                                                
 7881     75      4    1101111                                                
 7882     74      4    1101111                                                
 7883     73      4    1101111                                                
 7884     7E      B    1011111                                                
 7885     7D      B    1011111                                                
 7886     7C      B    1011111                                                
 7887     7B      F    1011111                                                
 7888     7A      F    1011111                                                
 7889     79      F    1011111                                                
 7890     78      F    1011111                                                
 7891     77      F    1011111                                                
 7892     76      F    1011111                                                
 7893     75      F    1011111                                                
 7894     74      F    1011111                                                
 7895     73      F    1011111                                                
 7896     7E      0    1011111                                                
 7897     7D      0    1011111                                                
 7898     7C      0    1011111                                                
 7899     7B      0    1011111                                                
 7900     7A      0    1011111                                                
 7901     79      0    1011111                                                
 7902     78      0    1011111                                                
 7903     77      0    1011111                                                
 7904     76      0    1011111                                                
 7905     75      0    1011111                                                
 7906     74      0    1011111                                                
 7907     73      0    1011111                                                
 7908     75      0    1101111                                                
 7909     74      0    1101111                                                
 7910     73      0    1101111                                                
 7911     7F      5    1111111                                                
 7912     7E      3    1111111                                                
 7913     7C      0    1011111                                                
 7914     7B      0    1011111                                                
 7915     7A      0    1011111                                                
 7916     79      0    1011111                                                
 7917     78      0    1011111                                                
 7918     77      0    1011111                                                
 7919     76      0    1011111                                                
 7920     75      0    1011111                                                
 7921     74      0    1011111                                                
 7922     73      0    1011111                                                
 7923     7C      F    1011111                                                
 7924     7B      F    1011111                                                
 7925     7A      F    1011111                                                
 7926     79      F    1011111                                                
 7927     78      F    1011111                                                
 7928     77      F    1011111                                                
 7929     76      F    1011111                                                
 7930     75      F    1011111                                                
 7931     74      F    1011111                                                
 7932     73      F    1011111                                                
 7933     7C      0    1011111                                                
 7934     7B      0    1011111                                                
 7935     7A      0    1011111                                                
 7936     79      0    1011111                                                
 7937     78      0    1011111                                                
 7938     77      0    1011111                                                
 7939     76      0    1011111                                                
 7940     75      0    1011111                                                
 7941     74      0    1011111                                                
 7942     73      0    1011111                                                
 7943     7C      F    1011111                                                
 7944     7B      F    1011111                                                
 7945     7A      F    1011111                                                
 7946     79      F    1011111                                                
 7947     78      F    1011111                                                
 7948     77      F    1011111                                                
 7949     76      F    1011111                                                
 7950     75      F    1011111                                                
 7951     74      F    1011111                                                
 7952     73      F    1011111                                                
 7953     7C      0    1011111                                                
 7954     7B      F    1011111                                                
 7955     7A      F    1011111                                                
 7956     79      F    1011111                                                
 7957     78      F    1011111                                                
 7958     77      F    1011111                                                
 7959     76      F    1011111                                                
 7960     75      F    1011111                                                
 7961     74      F    1011111                                                
 7962     73      5    1011111                                                
 7963     7C      0    1011111                                                
 7964     7B      0    1011111                                                
 7965     7A      0    1011111                                                
 7966     79      0    1011111                                                
 7967     78      0    1011111                                                
 7968     77      0    1011111                                                
 7969     76      0    1011111                                                
 7970     75      0    1011111                                                
 7971     74      0    1011111                                                
 7972     73      0    1011111                                                
 7973     7D      F    1111111                                                
 7974     7C      F    1111111                                                
 7975     7E      2    1101111                                                
 7976     7D      B    1101111                                                
 7977     7C      B    1101111                                                
 7978     7B      F    1101111                                                
 7979     7A      F    1101111                                                
 7980     79      F    1101111                                                
 7981     78      F    1101111                                                
 7982     77      F    1101111                                                
 7983     76      F    1101111                                                
 7984     75      F    1101111                                                
 7985     74      F    1101111                                                
 7986     73      5    1101111                                                
 7987     7E      0    1101111                                                
 7988     7D      0    1101111                                                
 7989     7C      0    1101111                                                
 7990     7B      0    1101111                                                
 7991     7A      0    1101111                                                
 7992     79      0    1101111                                                
 7993     78      0    1101111                                                
 7994     77      0    1101111                                                
 7995     76      0    1101111                                                
 7996     75      0    1101111                                                
 7997     74      0    1101111                                                
 7998     73      0    1101111                                                
 7999     7E      B    1011111                                                
 8000     7D      B    1011111                                                
 8001     7C      B    1011111                                                
 8002     7B      F    1011111                                                
 8003     7A      F    1011111                                                
 8004     79      F    1011111                                                
 8005     78      F    1011111                                                
 8006     77      F    1011111                                                
 8007     76      F    1011111                                                
 8008     75      F    1011111                                                
 8009     74      F    1011111                                                
 8010     73      F    1011111                                                
 8011     7E      0    1011111                                                
 8012     7D      0    1011111                                                
 8013     7C      0    1011111                                                
 8014     7B      0    1011111                                                
 8015     7A      0    1011111                                                
 8016     79      0    1011111                                                
 8017     78      0    1011111                                                
 8018     77      0    1011111                                                
 8019     76      0    1011111                                                
 8020     75      0    1011111                                                
 8021     74      0    1011111                                                
 8022     73      0    1011111                                                
 8023     74      E    1101111                                                
 8024     74      5    1101111                                                
 8025     75      0    1101111                                                
 8026     74      0    1101111                                                
 8027     73      0    1101111                                                
 8028     7D      5    1111111                                                
 8029     7C      3    1111111                                                
 8030     7C      3    1011111                                                
 8031     7B      F    1011111                                                
 8032     7A      F    1011111                                                
 8033     79      F    1011111                                                
 8034     78      F    1011111                                                
 8035     77      F    1011111                                                
 8036     76      F    1011111                                                
 8037     75      F    1011111                                                
 8038     74      5    1011111                                                
 8039     73      5    1011111                                                
 8040     7C      0    1011111                                                
 8041     7B      0    1011111                                                
 8042     7A      0    1011111                                                
 8043     79      0    1011111                                                
 8044     78      0    1011111                                                
 8045     77      0    1011111                                                
 8046     76      0    1011111                                                
 8047     75      0    1011111                                                
 8048     74      0    1011111                                                
 8049     73      3    1011111                                                
 8050     7B      F    1111111                                                
 8051     7A      F    1111111                                                
 8052     7E      2    1101111                                                
 8053     7D      B    1101111                                                
 8054     7C      B    1101111                                                
 8055     7B      F    1101111                                                
 8056     7A      F    1101111                                                
 8057     79      F    1101111                                                
 8058     78      F    1101111                                                
 8059     77      F    1101111                                                
 8060     76      F    1101111                                                
 8061     75      F    1101111                                                
 8062     74      5    1101111                                                
 8063     73      5    1101111                                                
 8064     7E      0    1101111                                                
 8065     7D      0    1101111                                                
 8066     7C      0    1101111                                                
 8067     7B      0    1101111                                                
 8068     7A      0    1101111                                                
 8069     79      0    1101111                                                
 8070     78      0    1101111                                                
 8071     77      0    1101111                                                
 8072     76      0    1101111                                                
 8073     75      0    1101111                                                
 8074     74      0    1101111                                                
 8075     73      3    1101111                                                
 8076     7E      B    1011111                                                
 8077     7D      B    1011111                                                
 8078     7C      B    1011111                                                
 8079     7B      F    1011111                                                
 8080     7A      F    1011111                                                
 8081     79      F    1011111                                                
 8082     78      F    1011111                                                
 8083     77      F    1011111                                                
 8084     76      F    1011111                                                
 8085     75      F    1011111                                                
 8086     74      F    1011111                                                
 8087     73      F    1011111                                                
 8088     7E      0    1011111                                                
 8089     7D      0    1011111                                                
 8090     7C      0    1011111                                                
 8091     7B      0    1011111                                                
 8092     7A      0    1011111                                                
 8093     79      0    1011111                                                
 8094     78      0    1011111                                                
 8095     77      0    1011111                                                
 8096     76      0    1011111                                                
 8097     75      0    1011111                                                
 8098     74      0    1011111                                                
 8099     73      0    1011111                                                
 8100     75      E    1101111                                                
 8101     75      5    1101111                                                
 8102     75      4    1101111                                                
 8103     74      0    1101111                                                
 8104     73      0    1101111                                                
 8105     7B      5    1111111                                                
 8106     7A      3    1111111                                                
 8107     7C      3    1011111                                                
 8108     7B      F    1011111                                                
 8109     7A      F    1011111                                                
 8110     79      F    1011111                                                
 8111     78      F    1011111                                                
 8112     77      F    1011111                                                
 8113     76      F    1011111                                                
 8114     75      5    1011111                                                
 8115     74      5    1011111                                                
 8116     73      5    1011111                                                
 8117     7C      0    1011111                                                
 8118     7B      0    1011111                                                
 8119     7A      0    1011111                                                
 8120     79      0    1011111                                                
 8121     78      0    1011111                                                
 8122     77      0    1011111                                                
 8123     76      0    1011111                                                
 8124     75      0    1011111                                                
 8125     74      3    1011111                                                
 8126     73      3    1011111                                                
 8127     79      F    1111111                                                
 8128     78      F    1111111                                                
 8129     7E      2    1101111                                                
 8130     7D      B    1101111                                                
 8131     7C      B    1101111                                                
 8132     7B      F    1101111                                                
 8133     7A      F    1101111                                                
 8134     79      F    1101111                                                
 8135     78      F    1101111                                                
 8136     77      F    1101111                                                
 8137     76      F    1101111                                                
 8138     75      5    1101111                                                
 8139     74      5    1101111                                                
 8140     73      5    1101111                                                
 8141     7E      0    1101111                                                
 8142     7D      0    1101111                                                
 8143     7C      0    1101111                                                
 8144     7B      0    1101111                                                
 8145     7A      0    1101111                                                
 8146     79      0    1101111                                                
 8147     78      0    1101111                                                
 8148     77      0    1101111                                                
 8149     76      0    1101111                                                
 8150     75      0    1101111                                                
 8151     74      3    1101111                                                
 8152     73      3    1101111                                                
 8153     7E      B    1011111                                                
 8154     7D      B    1011111                                                
 8155     7C      B    1011111                                                
 8156     7B      F    1011111                                                
 8157     7A      F    1011111                                                
 8158     79      F    1011111                                                
 8159     78      F    1011111                                                
 8160     77      F    1011111                                                
 8161     76      F    1011111                                                
 8162     75      F    1011111                                                
 8163     74      F    1011111                                                
 8164     73      F    1011111                                                
 8165     7E      0    1011111                                                
 8166     7D      0    1011111                                                
 8167     7C      0    1011111                                                
 8168     7B      0    1011111                                                
 8169     7A      0    1011111                                                
 8170     79      0    1011111                                                
 8171     78      0    1011111                                                
 8172     77      0    1011111                                                
 8173     76      0    1011111                                                
 8174     75      0    1011111                                                
 8175     74      0    1011111                                                
 8176     73      0    1011111                                                
 8177     76      E    1101111                                                
 8178     76      5    1101111                                                
 8179     76      F    1101111                                                
 8180     76      0    1101111                                                
 8181     76      E    1101111                                                
 8182     76      5    1101111                                                
 8183     76      F    1101111                                                
 8184     76      0    1101111                                                
 8185     76      E    1101111                                                
 8186     76      5    1101111                                                
 8187     76      F    1101111                                                
 8188     76      0    1101111                                                
 8189     76      E    1101111                                                
