    0    1001111                                                
 0313     76      0    1001111                                                
 0314     75      0    1001111                                                
 0315     74      0    1001111                                                
 0316     7F      9    1001111                                                
 0317     7E      9    1001111                                                
 0318     7D      0    1001111                                                
 0319     7C      0    1001111                                                
 0320     7B      0    1001111                                                
 0321     7A      0    1001111                                                
 0322     79      1    1001111                                                
 0323     78      0    1001111                                                
 0324     77      0    1001111                                                
 0325     76      4    1001111                                                
 0326     75      0    1001111                                                
 0327     74      0    1001111                                                
 0328     73      0    1001111                                                
 0329     72      0    1001111                                                
 0330     71      0    1001111                                                
 0331     70      0    1001111                                                
 0332     7F      0    1111111                                                
 0333     7E      0    1111111                                                
 0334     7D      0    1111111                                                
 0335     7C      0    1111111                                                
 0336     7B      0    1111111                                                
 0337     7A      1    1111111                                                
 0338     79      1    1111111                                                
 0339     78      0    1111111                                                
 0340     77      0    1111111                                                
 0341     76      4    1111111                                                
 0342     75      0    1111111                                                
 0343     74      0    1111111                                                
 0344     73      0    1111111                                                
 0345     72      0    1111111                                                
 0346     71      0    1111111                                                
 0347     70      0    1111111                                                
 0348     72      0    1011111                                                
 0349     78      F    1101111                                                
 0350     7F      0    1111111                                                
 0351     7A      F    1111111                                                
 0352     74      F    1111111                                                
 0353     70      F    1111111                                                
 0354     7F      1    1101111                                                
 0355     7E      5    1101111                                                
 0356     7D      4    1101111                                                
 0357     7C      4    1101111                                                
 0358     7B      0    1101111                                                
 0359     7A      4    1101111                                                
 0360     79      3    1101111                                                
 0361     78      4    1101111                                                
 0362     77      8    1101111                                                
 0363     76      5    1111111                                                
 0364     75      F    1111111                                                
 0365     74      0    1111111                                                
 0366     73      F    1111111                                                
 0367     72      4    1101111                                                
 0368     71      0    1101111                                                
 0369     70      3    1101111                                                
 0370     6F      8    1111111                                                
 0371     6E      1    1111111                                                
 0372     6D      F    1101111                                                
 0373     6C      0    1101111                                                
 0374     6F      F    1111111                                                
 0375     6E      F    1111111                                                
 0376     7C      0    1111111                                                
 0377     7B      0    1111111                                                
 0378     7A      0    1111111                                                
 0379     79      0    1111111                                                
 0380     78      0    1111111                                                
 0381     77      0    1111111                                                
 0382     76      0    1111111                                                
 0383     75      0    1111111                                                
 0384     74      0    1111111                                                
 0385     73      0    1111111                                                
 0386     7C      F    1101111                                                
 0387     7B      F    1101111                                                
 0388     7A      F    1101111                                                
 0389     79      F    1101111                                                
 0390     78      F    1101111                                                
 0391     77      F    1101111                                                
 0392     76      F    1101111                                                
 0393     75      F    1101111                                                
 0394     74      F    1101111                                                
 0395     73      F    1101111                                                
 0396     7C      0    1101111                                                
 0397     7B      0    1101111                                                
 0398     7A      0    1101111                                                
 0399     79      0    1101111                                                
 0400     78      0    1101111                                                
 0401     77      0    1101111                                                
 0402     76      0    1101111                                                
 0403     75      0    1101111                                                
 0404     74      0    1101111                                                
 0405     73      0    1101111                                                
 0406     7C      F    1111111                                                
 0407     7B      F    1111111                                                
 0408     7A      F    1111111                                                
 0409     79      F    1111111                                                
 0410     78      F    1111111                                                
 0411     77      F    1111111                                                
 0412     76      F    1111111                                                
 0413     75      F    1111111                                                
 0414     74      F    1111111                                                
 0415     73      F    1111111                               ERROR 00 STATE LISTING OF AQU MEM  
  POS         ADDR    DATA   CE
 0000 T   00      F    0000000                                                
 0001     00      F    0000000                                                
 0002     00      F    0000000                                                
 0003     00      F    0000000                                                
 0004     00      F    0000000                                                
 0005     00      F    0000000                                                
 0006     00      F    0000000                                                
 0007     00      F    0000000                                                
 0008     00      F    0000000                                                
 0009     00      F    0000000                                                
 0010     00      F    0000000                                                
 0011     00      F    0000000                                                
 0012     00      F    0000000                                                
 0013     00      F    0000000                                                
 0014     00      F    0000000                                                
 0015     00      F    0000000                                                
 0016     00      F    0000000                                                
 0017     00      F    0000000                                                
 0018     00      F    0000000                                                
 0019     00      F    0000000                                                
 0020     00      F    0000000                                                
 0021     00      F    0000000                                                
 0022     00      F    0000000                                                
 0023     00      F    0000000                                                
 0024     00      F    0000000                                                
 0025     00      F    0000000                                                
 0026     00      F    0000000                                                
 0027     00      F    0000000                                                
 0028     00      F    0000000                                                
 0029     00      F    0000000                                                
 0030     00      F    0000000                                                
 0031     00      F    0000000                                                
 0032     00      F    0000000                                                
 0033     00      F    0000000                                                
 0034     00      F    0000000                                                
 0035     00      F    0000000                                                
 0036     00      F    0000000                                                
 0037     00      F    0000000                                                
 0038     00      F    0000000                                                
 0039     00      F    0000000                                                
 0040     00      F    0000000                                                
 0041     00      F    0000000                                                
 0042     00      F    0000000                                                
 0043     00      F    0000000                                                
 0044     00      F    0000000                                                
 0045     00      F    0000000                                                
 0046     00      F    0000000                                                
 0047     00      F    0000000                                                
 0048     00      F    0000000                                                
 0049     00      F    0000000                                                
 0050     00      F    0000000                                                
 0051     00      F    0000000                                                
 0052     00      F    0000000                                                
 0053     00      F    0000000                                                
 0054     00      F    0000000                                                
 0055     00      F    0000000                                                
 0056     00      F    0000000                                                
 0057     00      F    0000000                                                
 0058     00      F    0000000                                                
 0059     00      F    0000000                                                
 0060     00      F    0000000                                                
 0061     00      F    0000000                                                
 0062     00      F    0000000                                                
 0063     00      F    0000000                                                
 0064     00      F    0000000                                                
 0065     00      F    0000000                                                
 0066     00      F    0000000                                                
 0067     00      F    0000000                                                
 0068     00      F    0000000                                                
 0069     00      F    0000000                                                
 0070     00      F    0000000                                                
 0071     00      F    0000000                                                
 0072     00      F    0000000                                                
 0073     00      F    0000000                                                
 0074     00      F    0000000                                                
 0075     00      F    0000000                                                
 0076     00      F    0000000                                                
 0077     00      F    0000000                                                
 0078     00      F    0000000                                                
 0079     00      F    0000000                                                
 0080     00      F    0000000                                                
 0081     00      F    0000000                                                
 0082     00      F    0000000                                                
 0083     00      F    0000000                                                
 0084     00      F    0000000                                                
 0085     00      F    0000000                                                
 0086     00      F    0000000                                                
 0087     00      F    0000000                                                
 0088     00      F    0000000                                                
 0089     00      F    0000000                                                
 0090     00      F    0000000                                                
 0091     00      F    0000000                                                
 0092     00      F    0000000                                                
 0093     00      F    0000000                                                
 0094     00      F    0000000                                                
 0095     00      F    0000000                                                
 0096     00      F    0000000                                                
 0097     00      F    0000000                                                
 0098     00      F    0000000                                                
 0099     00      F    0000000                                                
 0100     00      F    0000000                                                
 0101     00      F    0000000                                                
 0102     00      F    0000000                                                
 0103     00      F    0000000                                                
 0104     00      F    0000000                                                
 0105     00      F    0000000                                                
 0106     00      F    0000000                                                
 0107     00      F    0000000                                                
 0108     00      F    0000000                                                
 0109     00      F    0000000                                                
 0110     00      F    0000000                                                
 0111     00      F    0000000                                                
 0112     00      F    0000000                                                
 0113     00      F    0000000                                                
 0114     00      F    0000000                                                
 0115     00      F    0000000                                                
 0116     00      F    0000000                                                
 0117     00      F    0000000                                                
 0118     00      F    0000000                                                
 0119     00      F    0000000                                                
 0120     00      F    0000000                                                
 0121     00      F    0000000                                                
 0122     00      F    0000000                                                
 0123     00      F    0000000                                                
 0124     00      F    0000000                                                
 0125     00      F    0000000                                                
 0126     00      F    0000000                                                
 0127     00      F    0000000                                                
 0128     00      F    0000000                                                
 0129     00      F    0000000                                                
 0130     00      F    0000000                                                
 0131     00      F    0000000                                                
 0132     00      F    0000000                                                
 0133     00      F    0000000                                                
 0134     00      F    0000000                                                
 0135     00      F    0000000                                                
 0136     00      F    0000000                                                
 0137     00      F    0000000                                                
 0138     00      F    0000000                                                
 0139     00      F    0000000                                                
 0140     00      F    0000000                                                
 0141     00      F    0000000                                                
 0142     00      F    0000000                                                
 0143     00      F    0000000                                                
 0144     00      F    0000000                                                
 0145     00      F    0000000                                                
 0146     00      F    0000000                                                
 0147     00      F    0000000                                                
 0148     00      F    0000000                                                
 0149     00      F    0000000                                                
 0150     00      F    0000000                                                
 0151     00      F    0000000                                                
 0152     00      F    0000000                                                
 0153     00      F    0000000                                                
 0154     00      F    0000000                                                
 0155     00      F    0000000                                                
 0156     00      F    0000000                                                
 0157     00      F    0000000                                                
 0158     00      F    0000000                                                
 0159     00      F    0000000                                                
 0160     00      F    0000000                                                
 0161     00      F    0000000                                                
 0162     00      F    0000000                                                
 0163     00      F    0000000                                                
 0164     00      F    0000000                                                
 0165     00      F    0000000                                                
 0166     00      F    0000000                                                
 0167     00      F    0000000                                                
 0168     00      F    0000000                                                
 0169     00      F    0000000                                                
 0170     00      F    0000000                                                
 0171     00      F    0000000                                                
 0172     00      F    0000000                                                
 0173     00      F    0000000                                                
 0174     00      F    0000000                                                
 0175     00      F    0000000                                                
 0176     00      F    0000000                                                
 0177     00      F    0000000                                                
 0178     00      F    0000000                                                
 0179     00      F    0000000                                                
 0180     00      F    0000000                                                
 0181     00      F    0000000                                                
 0182     00      F    0000000                                                
 0183     00      F    0000000                                                
 0184     00      F    0000000                                                
 0185     00      F    0000000                                                
 0186     00      F    0000000                                                
 0187     00      F    0000000                                                
 0188     00      F    0000000                                                
 0189     00      F    0000000                                                
 0190     00      F    0000000                                                
 0191     00      F    0000000                                                
 0192     00      F    0000000                                                
 0193     00      F    0000000                                                
 0194     00      F    0000000                                                
 0195     00      F    0000000                                                
 0196     00      F    0000000                                                
 0197     00      F    0000000                                                
 0198     00      F    0000000                                                
 0199     00      F    0000000                                                
 0200     00      F    0000000                                                
 0201     00      F    0000000                                                
 0202     00      F    0000000                                                
 0203     00      F    0000000                                                
 0204     00      F    0000000                                                
 0205     00      F    0000000                                                
 0206     00      F    0000000                                                
 0207     00      F    0000000                                                
 0208     00      F    0000000                                                
 0209     00      F    0000000                                                
 0210     00      F    0000000                                                
 0211     00      F    0000000                                                
 0212     00      F    0000000                                                
 0213     00      F    0000000                                                
 0214     00      F    0000000                                                
 0215     00      F    0000000                                                
 0216     00      F    0000000                                                
 0217     00      F    0000000                                                
 0218     00      F    0000000                                                
 0219     00      F    0000000                                                
 0220     00      F    0000000                                                
 0221     00      F    0000000                                                
 0222     00      F    0000000                                                
 0223     00      F    0000000                                                
 0224     00      F    0000000                                                
 0225     00      F    0000000                                                
 0226     00      F    0000000                                                
 0227     00      F    0000000                                                
 0228     7F      0    1001111                                                
 0229     7E      0    1001111                                                
 0230     7D      0    1001111                                                
 0231     7C      0    1001111                                                
 0232     7E      0    1011111                                                
 0233     7D      0    1011111                                                
 0234     7C      0    1011111                                                
 0235     7B      0    1011111                                                
 0236     7A      0    1011111                                                
 0237     79      0    1011111                                                
 0238     78      0    1011111                                                
 0239     77      0    1011111                                                
 0240     76      0    1011111                                                
 0241     75      0    1011111                                                
 0242     74      0    1011111                                                
 0243     73      0    1011111                                                
 0244     7E      0    1011111                                                
 0245     7D      0    1011111                                                
 0246     7C      0    1011111                                                
 0247     7B      0    1011111                                                
 0248     7A      0    1001111                                                
 0249     79      0    1001111                                                
 0250     78      0    1001111                                                
 0251     77      0    1001111                                                
 0252     76      0    1001111                                                
 0253     75      0    1001111                                                
 0254     74      0    1001111                                                
 0255     73      0    1001111                                                
 0256     7F      0    1001111                                                
 0257     7E      0    1001111                                                
 0258     7D      0    1001111                                                
 0259     7C      0    1001111                                                
 0260     7B      0    1001111                                                
 0261     7A      0    1001111                                                
 0262     79      4    1001111                                                
 0263     78      4    1001111                                                
 0264     77      0    1001111                                                
 0265     76      0    1001111                                                
 0266     75      0    1001111                                                
 0267     74      0    1001111                                                
 0268     73      0    1001111                                                
 0269     72      1    1001111                                                
 0270     71      0    1001111                                                
 0271     70      0    1001111                                                
 0272     7F      0    1001111                                                
 0273     7E      1    1001111                                                
 0274     7D      0    1001111                                                
 0275     7C      0    1001111                                                
 0276     7B      0    1001111                                                
 0277     7A      0    1011111                                                
 0278     79      0    1011111                                                
 0279     78      0    1011111                                                
 0280     77      0    1011111                                                
 0281     76      0    1011111                                                
 0282     75      0    1011111                                                
 0283     74      0    1011111                                                
 0284     72      0    1011111                                                
 0285     71      0    1011111                                                
 0286     70      5    1011111                                                
 0287     7F      0    1111111                                                
 0288     7E      0    1111111                                                
 0289     7D      0    1111111                                                
 0290     7C      0    1111111                                                
 0291     7B      0    1111111                                                
 0292     7A      0    1111111                                                
 0293     79      4    1111111                                                
 0294     78      4    1111111                                                
 0295     70      E    1011111                                                
 0296     7F      0    1001111                                                
 0297     7E      0    1001111                                                
 0298     7D      0    1001111                                                
 0299     77      5    1001111                                                
 0300     76      0    1001111                                                
 0301     75      0    1001111                                                
 0302     41      F    1101111                                                
 0303     40      F    1101111                                                
 0304     7F      F    1011111                                                
 0305     7E      F    1011111                                                
 0306     7D      1    1011111                                                
 0307     7C      0    1011111                                                
 0308     7B      0    1011111                                                
 0309     7A      0    1001111                                                
 0310     79      0    1001111                                                
 0311     78      0    1001111                                                
 0312     77      0    1001111                                                
 0313     76      0    1001111                                                
 0314     75      0    1001111                                                
 0315     74      0    1001111                                                
 0316     7F      9    1001111                                                
 0317     7E      9    1001111                                                
 0318     7D      0    1001111                                                
 0319     7C      0    1001111                                                
 0320     7B      0    1001111                                                
 0321     7A      0    1001111                                                
 0322     79      1    1001111                                                
 0323     78      0    1001111                                                
 0324     77      0    1001111                                                
 0325     76      4    1001111                                                
 0326     75      0    1001111                                                
 0327     74      0    1001111                                                
 0328     73      0    1001111                                                
 0329     72      0    1001111                                                
 0330     71      0    1001111                                                
 0331     70      0    1001111                                                
 0332     7F      0    1111111                                                
 0333     7E      0    1111111                                                
 0334     7D      0    1111111                                                
 0335     7C      0    1111111                                                
 0336     7B      0    1111111                                                
 0337     7A      1    1111111                                                
 0338     79      1    1111111                                                
 0339     78      0    1111111                                                
 0340     77      0    1111111                                                
 0341     76      4    1111111                                                
 0342     75      0    1111111                                                
 0343     74      0    1111111                                                
 0344     73      0    1111111                                                
 0345     72      0    1111111                                                
 0346     71      0    1111111                                                
 0347     70      0    1111111                                                
 0348     72      0    1011111                                                
 0349     78      F    1101111                                                
 0350     7F      0    1111111                                                
 0351     7A      F    1111111                                                
 0352     74      F    1111111                                                
 0353     70      F    1111111                                                
 0354     7F      1    1101111                                                
 0355     7E      5    1101111                                                
 0356     7D      4    1101111                                                
 0357     7C      4    1101111                                                
 0358     7B      0    1101111                                                
 0359     7A      4    1101111                                                
 0360     79      3    1101111                                                
 0361     78      4    1101111                                                
 0362     77      8    1101111                                                
 0363     76      5    1111111                                                
 0364     75      F    1111111                                                
 0365     74      0    1111111                                                
 0366     73      F    1111111                                                
 0367     72      4    1101111                                                
 0368     71      0    1101111                                                
 0369     70      3    1101111                                                
 0370     6F      8    1111111                                                
 0371     6E      1    1111111                                                
 0372     6D      F    1101111                                                
 0373     6C      0    1101111                                                
 0374     6F      F    1111111                                                
 0375     6E      F    1111111                                                
 0376     7C      0    1111111                                                
 0377     7B      0    1111111                                                
 0378     7A      0    1111111                                                
 0379     79      0    1111111                                                
 0380     78      0    1111111                                                
 0381     77      0    1111111                                                
 0382     76      0    1111111                                                
 0383     75      0    1111111                                                
 0384     74      0    1111111                                                
 0385     73      0    1111111                                                
 0386     7C      F    1101111                                                
 0387     7B      F    1101111                                                
 0388     7A      F    1101111                                                
 0389     79      F    1101111                                                
 0390     78      F    1101111                                                
 0391     77      F    1101111                                                
 0392     76      F    1101111                                                
 0393     75      F    1101111                                                
 0394     74      F    1101111                                                
 0395     73      F    1101111                                                
 0396     7C      0    1101111                                                
 0397     7B      0    1101111                                                
 0398     7A      0    1101111                                                
 0399     79      0    1101111                                                
 0400     78      0    1101111                                                
 0401     77      0    1101111                                                
 0402     76      0    1101111                                                
 0403     75      0    1101111                                                
 0404     74      0    1101111                                                
 0405     73      0    1101111                                                
 0406     7C      F    1111111                                                
 0407     7B      F    1111111                                                
 0408     7A      F    1111111                                                
 0409     79      F    1111111                                                
 0410     78      F    1111111                                                
 0411     77      F    1111111                                                
 0412     76      F    1111111                                                
 0413     75      F    1111111                                                
 0414     74      F    1111111                                                
 0415     73      F    1111111                                                
 0416     7C      F    1011111                                                
 0417     7B      F    1011111                                                
 0418     7A      F    1011111                                                
 0419     79      F    1011111                                                
 0420     78      F    1011111                                                
 0421     77      F    1011111                                                
 0422     76      F    1011111                                                
 0423     75      F    1011111                                                
 0424     74      F    1001111                                                
 0425     73      F    1001111                                                
 0426     7E      0    1001111                                                
 0427     7D      0    1001111                                                
 0428     7C      0    1001111                                                
 0429     7B      0    1001111                                                
 0430     7A      0    1001111                                                
 0431     79      0    1001111                                                
 0432     78      0    1001111                                                
 0433     77      0    1001111                                                
 0434     76      0    1001111                                                
 0435     75      0    1001111                                                
 0436     74      0    1001111                                                
 0437     73      0    1001111                                                
 0438     7C      F    1111111                                                
 0439     7B      F    1111111                                                
 0440     7A      F    1111111                                                
 0441     79      F    1111111                                                
 0442     78      F    1111111                                                
 0443     77      F    1111111                                                
 0444     76      F    1111111                                                
 0445     75      F    1111111                                                
 0446     74      F    1111111                                                
 0447     73      F    1111111                                                
 0448     7E      0    1111111                                                
 0449     7D      0    1111111                                                
 0450     7C      0    1111111                                                
 0451     7B      0    1111111                                                
 0452     7A      0    1111111                                                
 0453     79      0    1111111                                                
 0454     78      0    1111111                                                
 0455     77      0    1111111                                                
 0456     76      0    1111111                                                
 0457     75      0    1101111                                                
 0458     74      0    1101111                                                
 0459     73      0    1101111                                                
 0460     7C      0    1111111                                                
 0461     7B      F    1111111                                                
 0462     7A      F    1111111                                                
 0463     79      F    1111111                                                
 0464     78      F    1101111                                                
 0465     77      F    1101111                                                
 0466     76      F    1101111                                                
 0467     75      F    1101111                                                
 0468     74      F    1101111                                                
 0469     73      1    1101111                                                
 0470     7C      0    1101111                                                
 0471     7B      0    1101111                                                
 0472     7A      0    1101111                                                
 0473     79      0    1101111                                                
 0474     78      0    1101111                                                
 0475     77      0    1101111                                                
 0476     76      0    1101111                                                
 0477     75      0    1101111                                                
 0478     74      0    1101111                                                
 0479     73      0    1101111                                                
 0480     7C      F    1011111                                                
 0481     7B      F    1011111                                                
 0482     7A      F    1011111                                                
 0483     79      F    1011111                                                
 0484     78      F    1011111                                                
 0485     77      F    1011111                                                
 0486     76      F    1011111                                                
 0487     75      F    1011111                                                
 0488     74      F    1011111                                                
 0489     73      1    1011111                                                
 0490     7E      0    1011111                                                
 0491     7D      0    1001111                                                
 0492     7C      0    1001111                                                
 0493     7B      0    1001111                                                
 0494     7A      0    1001111                                                
 0495     79      0    1001111                                                
 0496     78      0    1001111                                                
 0497     77      0    1001111                                                
 0498     76      0    1001111                                                
 0499     75      0    1001111                                                
 0500     74      0    1001111                                                
 0501     73      0    1001111                                                
 0502     7C      F    1101111                                                
 0503     7B      F    1101111                                                
 0504     7A      F    1101111                                                
 0505     79      F    1101111                                                
 0506     78      F    1101111                                                
 0507     77      F    1101111                                                
 0508     76      F    1101111                                                
 0509     75      F    1101111                                                
 0510     74      F    1101111                                                
 0511     73      F    1101111                                                
 0512     7E      0    1111111                                                
 0513     7D      0    1111111                                                
 0514     7C      0    1111111                                                
 0515     7B      0    1111111                                                
 0516     7A      0    1111111                                                
 0517     79      0    1111111                                                
 0518     78      0    1111111                                                
 0519     77      0    1111111                                                
 0520     76      0    1111111                                                
 0521     75      0    1111111                                                
 0522     74      0    1111111                                                
 0523     73      0    1111111                                                
 0524     7C      5    1111111                                                
 0525     7B      F    1111111                                                
 0526     7A      F    1111111                                                
 0527     79      F    1111111                                                
 0528     78      F    1111111                                                
 0529     77      F    1111111                                                
 0530     76      F    1111111                                                
 0531     75      F    1111111                                                
 0532     74      4    1111111                                                
 0533     73      0    1111111                                                
 0534     7C      0    1111111                                                
 0535     7B      0    1111111                                                
 0536     7A      0    1111111                                                
 0537     79      0    1111111                                                
 0538     78      0    1111111                                                
 0539     77      0    1111111                                                
 0540     76      0    1111111                                                
 0541     75      0    1111111                                                
 0542     74      0    1111111                                                
 0543     73      4    1111111                                                
 0544     7C      F    1001111                                                
 0545     7B      F    1001111                                                
 0546     7A      F    1001111                                                
 0547     79      F    1001111                                                
 0548     78      F    1001111                                                
 0549     77      F    1001111                                                
 0550     76      F    1001111                                                
 0551     75      F    1001111                                                
 0552     74      4    1001111                                                
 0553     73      0    1001111                                                
 0554     7E      0    1011111                                                
 0555     7D      0    1011111                                                
 0556     7C      0    1011111                                                
 0557     7B      0    1011111                                                
 0558     7A      0    1011111                                                
 0559     79      0    1011111                                                
 0560     78      0    1011111                                                
 0561     77      0    1011111                                                
 0562     76      0    1011111                                                
 0563     75      0    1011111                                                
 0564     74      0    1011111                                                
 0565     73      4    1011111                                                
 0566     7C      F    1111111                                                
 0567     7B      F    1111111                                                
 0568     7A      F    1111111                                                
 0569     79      F    1111111                                                
 0570     78      F    1111111                                                
 0571     77      F    1101111                                                
 0572     76      F    1101111                                                
 0573     75      F    1101111                                                
 0574     74      F    1101111                                                
 0575     73      F    1101111                                                
 0576     7E      0    1101111                                                
 0577     7D      0    1101111                                                
 0578     7C      0    1101111                                                
 0579     7B      0    1101111                                                
 0580     7A      0    1101111                                                
 0581     79      0    1101111                                                
 0582     78      0    1101111                                                
 0583     77      0    1101111                                                
 0584     76      0    1101111                                                
 0585     75      0    1101111                                                
 0586     74      0    1101111                                                
 0587     73      0    1101111                                                
 0588     7C      5    1101111                                                
 0589     7B      F    1101111                                                
 0590     7A      F    1101111                                                
 0591     79      F    1101111                                                
 0592     78      F    1101111                                                
 0593     77      F    1101111                                                
 0594     76      F    1101111                                                
 0595     75      0    1101111                                                
 0596     74      0    1101111                                                
 0597     73      0    1101111                                                
 0598     7C      0    1101111                                                
 0599     7B      0    1101111                                                
 0600     7A      0    1101111                                                
 0601     79      0    1101111                                                
 0602     78      0    1101111                                                
 0603     77      0    1101111                                                
 0604     76      0    1101111                                                
 0605     75      0    1101111                                                
 0606     74      4    1111111                                                
 0607     73      4    1111111                                                
 0608     7C      F    1011111                                                
 0609     7B      F    1011111                                                
 0610     7A      F    1011111                                                
 0611     79      F    1011111                                                
 0612     78      F    1011111                                                
 0613     77      F    1011111                                                
 0614     76      F    1011111                                                
 0615     75      0    1011111                                                
 0616     74      0    1011111                                                
 0617     73      0    1011111                                                
 0618     7E      0    1001111                                                
 0619     7D      0    1001111                                                
 0620     7C      0    1001111                                                
 0621     7B      0    1001111                                                
 0622     7A      0    1001111                                                
 0623     79      0    1001111                                                
 0624     78      0    1001111                                                
 0625     77      0    1001111                                                
 0626     76      0    1001111                                                
 0627     75      0    1001111                                                
 0628     74      4    1001111                                                
 0629     73      4    1001111                                                
 0630     7C      F    1111111                                                
 0631     7B      F    1111111                                                
 0632     7A      F    1111111                                                
 0633     79      F    1111111                                                
 0634     78      F    1111111                                                
 0635     77      F    1111111                                                
 0636     76      F    1111111                                                
 0637     75      F    1111111                                                
 0638     74      F    1111111                                                
 0639     73      F    1111111                                                
 0640     7E      0    1111111                                                
 0641     7D      0    1111111                                                
 0642     7C      0    1111111                                                
 0643     7B      0    1111111                                                
 0644     7A      0    1111111                                                
 0645     79      0    1111111                                                
 0646     78      0    1111111                                                
 0647     77      0    1111111                                                
 0648     76      0    1111111                                                
 0649     75      0    1111111                                                
 0650     74      0    1111111                                                
 0651     73      0    1111111                                                
 0652     7C      5    1111111                                                
 0653     7B      F    1111111                                                
 0654     7A      F    1111111                                                
 0655     79      F    1111111                                                
 0656     78      F    1111111                                                
 0657     77      F    1111111                                                
 0658     76      3    1111111                                                
 0659     75      0    1111111                                                
 0660     74      0    1111111                                                
 0661     73      0    1111111                                                
 0662     7C      0    1111111                                                
 0663     7B      0    1111111                                                
 0664     7A      0    1101111                                                
 0665     79      0    1101111                                                
 0666     78      0    1101111                                                
 0667     77      0    1101111                                                
 0668     76      0    1101111                                                
 0669     75      4    1101111                                                
 0670     74      4    1101111                                                
 0671     73      4    1101111                                                
 0672     7C      F    1001111                                                
 0673     7B      F    1001111                                                
 0674     7A      F    1001111                                                
 0675     79      F    1001111                                                
 0676     78      F    1001111                                                
 0677     77      F    1011111                                                
 0678     76      3    1011111                                                
 0679     75      0    1011111                                                
 0680     74      0    1011111                                                
 0681     73      0    1011111                                                
 0682     7E      0    1011111                                                
 0683     7D      0    1011111                                                
 0684     7C      0    1011111                                                
 0685     7B      0    1011111                                                
 0686     7A      0    1011111                                                
 0687     79      0    1011111                                                
 0688     78      0    1011111                                                
 0689     77      0    1011111                                                
 0690     76      0    1011111                                                
 0691     75      4    1011111                                                
 0692     74      4    1011111                                                
 0693     73      4    1011111                                                
 0694     7C      F    1101111                                                
 0695     7B      F    1101111                                                
 0696     7A      F    1101111                                                
 0697     79      F    1101111                                                
 0698     78      F    1101111                                                
 0699     77      F    1101111                                                
 0700     76      F    1101111                                                
 0701     75      F    1101111                                                
 0702     74      F    1101111                                                
 0703     73      F    1101111                                                
 0704     7E      0    1101111                                                
 0705     7D      0    1101111                                                
 0706     7C      0    1101111                                                
 0707     7B      0    1101111                                                
 0708     7A      0    1101111                                                
 0709     79      0    1101111                                                
 0710     78      0    1111111                                                
 0711     77      0    1111111                                                
 0712     76      0    1111111                                                
 0713     75      0    1111111                                                
 0714     74      0    1111111                                                
 0715     73      0    1111111                                                
 0716     7C      5    1101111                                                
 0717     7B      F    1101111                                                
 0718     7A      F    1101111                                                
 0719     79      F    1101111                                                
 0720     78      F    1101111                                                
 0721     77      8    1101111                                                
 0722     76      0    1101111                                                
 0723     75      0    1101111                                                
 0724     74      0    1101111                                                
 0725     73      0    1101111                                                
 0726     7C      0    1111111                                                
 0727     7B      0    1111111                                                
 0728     7A      0    1111111                                                
 0729     79      0    1111111                                                
 0730     78      0    1111111                                                
 0731     77      0    1111111                                                
 0732     76      4    1111111                                                
 0733     75      4    1111111                                                
 0734     74      4    1111111                                                
 0735     73      4    1111111                                                
 0736     7C      F    1001111                                                
 0737     7B      F    1001111                                                
 0738     7A      F    1001111                                                
 0739     79      F    1001111                                                
 0740     78      F    1001111                                                
 0741     77      8    1001111                                                
 0742     76      0    1001111                                                
 0743     75      0    1001111                                                
 0744     74      0    1001111                                                
 0745     73      0    1001111                                                
 0746     7E      0    1001111                                                
 0747     7D      0    1001111                                                
 0748     7C      0    1001111                                                
 0749     7B      0    1001111                                                
 0750     7A      0    1001111                                                
 0751     79      0    1001111                                                
 0752     78      0    1001111                                                
 0753     77      0    1001111                                                
 0754     76      4    1001111                                                
 0755     75      4    1001111                                                
 0756     74      4    1001111                                                
 0757     73      4    1001111                                                
 0758     7C      F    1111111                                                
 0759     7B      F    1111111                                                
 0760     7A      F    1111111                                                
 0761     79      F    1111111                                                
 0762     78      F    1111111                                                
 0763     77      F    1111111                                                
 0764     76      F    1111111                                                
 0765     75      F    1111111                                                
 0766     74      F    1111111                                                
 0767     73      F    1111111                                                
 0768     7E      0    1101111                                                
 0769     7D      0    1101111                                                
 0770     7C      0    1101111                                                
 0771     7B      0    1101111                                                
 0772     7A      0    1101111                                                
 0773     79      0    1101111                                                
 0774     78      0    1101111                                                
 0775     77      0    1101111                                                
 0776     76      0    1101111                                                
 0777     75      0    1101111                                                
 0778     74      0    1101111                                                
 0779     73      0    1101111                                                
 0780     7C      5    1111111                                                
 0781     7B      F    1111111                                                
 0782     7A      F    1111111                                                
 0783     79      F    1111111                                                
 0784     78      F    1111111                                                
 0785     77      8    1111111                                                
 0786     76      0    1111111                                                
 0787     75      0    1111111                                                
 0788     74      0    1111111                                                
 0789     73      0    1101111                                                
 0790     7C      0    1101111                                                
 0791     7B      0    1101111                                                
 0792     7A      0    1101111                                                
 0793     79      0    1101111                                                
 0794     78      0    1101111                                                
 0795     77      0    1101111                                                
 0796     76      4    1101111                                                
 0797     75      4    1101111                                                
 0798     74      4    1101111                                                
 0799     73      4    1101111                                                
 0800     7C      F    1011111                                                
 0801     7B      F    1011111                                                
 0802     7A      F    1011111                                                
 0803     79      F    1011111                                                
 0804     78      F    1011111                                                
 0805     77      8    1011111                                                
 0806     76      0    1011111                                                
 0807     75      0    1011111                                                
 0808     74      0    1011111                                                
 0809     73      0    1011111                                                
 0810     7E      0    1011111                                                
 0811     7D      0    1011111                                                
 0812     7C      0    1011111                                                
 0813     7B      0    1011111                                                
 0814     7A      0    1011111                                                
 0815     79      0    1011111                                                
 0816     78      0    1001111                                                
 0817     77      0    1001111                                                
 0818     76      4    1001111                                                
 0819     75      4    1001111                                                
 0820     74      4    1001111                                                
 0821     73      4    1001111                                                
 0822     7C      F    1101111                                                
 0823     7B      F    1101111                                                
 0824     7A      F    1101111                                                
 0825     79      F    1101111                                                
 0826     78      F    1101111                                                
 0827     77      F    1101111                                                
 0828     76      F    1101111                                                
 0829     75      F    1101111                                                
 0830     74      F    1101111                                                
 0831     73      F    1101111                                                
 0832     7E      0    1111111                                                
 0833     7D      0    1111111                                                
 0834     7C      0    1111111                                                
 0835     7B      0    1111111                                                
 0836     7A      0    1111111                                                
 0837     79      0    1111111                                                
 0838     78      0    1111111                                                
 0839     77      0    1111111                                                
 0840     76      0    1111111                                                
 0841     75      0    1111111                                                
 0842     74      0    1111111                                                
 0843     73      0    1111111                                                
 0844     7C      5    1101111                                                
 0845     7B      F    1101111                                                
 0846     7A      F    1101111                                                
 0847     79      F    1111111                                                
 0848     78      F    1111111                                                
 0849     77      8    1111111                                                
 0850     76      0    1111111                                                
 0851     75      0    1111111                                                
 0852     74      0    1111111                                                
 0853     73      0    1111111                                                
 0854     7C      0    1111111                                                
 0855     7B      0    1111111                                                
 0856     7A      0    1111111                                                
 0857     79      0    1111111                                                
 0858     78      0    1111111                                                
 0859     77      0    1111111                                                
 0860     76      4    1111111                                                
 0861     75      4    1111111                                                
 0862     74      4    1111111                                                
 0863     73      4    1111111                                                
 0864     7C      F    1001111                                                
 0865     7B      F    1001111                                                
 0866     7A      F    1001111                                                
 0867     79      F    1001111                                                
 0868     78      F    1001111                                                
 0869     77      8    1001111                                                
 0870     76      0    1001111                                                
 0871     75      0    1001111                                                
 0872     74      0    1001111                                                
 0873     73      0    1001111                                                
 0874     7E      0    1011111                                                
 0875     7D      0    1011111                                                
 0876     7C      0    1011111                                                
 0877     7B      0    1011111                                                
 0878     7A      0    1011111                                                
 0879     79      0    1011111                                                
 0880     78      0    1011111                                                
 0881     77      0    1011111                                                
 0882     76      4    1011111                                                
 0883     75      4    1011111                                                
 0884     74      4    1011111                                                
 0885     73      4    1011111                                                
 0886     7C      F    1111111                                                
 0887     7B      F    1111111                                                
 0888     7A      F    1111111                                                
 0889     79      F    1111111                                                
 0890     78      F    1111111                                                
 0891     77      F    1111111                                                
 0892     76      F    1111111                                                
 0893     75      F    1111111                                                
 0894     74      F    1111111                                                
 0895     73      F    1111111                                                
 0896     7E      0    1101111                                                
 0897     7D      0    1101111                                                
 0898     7C      0    1101111                                                
 0899     7B      0    1101111                                                
 0900     7A      0    1101111                                                
 0901     79      0    1101111                                                
 0902     78      0    1101111                                                
 0903     77      0    1101111                                                
 0904     76      0    1101111                                                
 0905     75      0    1101111                                                
 0906     74      0    1101111                                                
 0907     73      0    1101111                                                
 0908     7C      5    1101111                                                
 0909     7B      F    1101111                                                
 0910     7A      0    1101111                                                
 0911     79      0    1101111                                                
 0912     78      F    1101111                                                
 0913     77      8    1101111                                                
 0914     76      0    1101111                                                
 0915     75      0    1101111                                                
 0916     74      0    1101111                                                
 0917     73      0    1101111                                                
 0918     7C      0    1101111                                                
 0919     7B      0    1101111                                                
 0920     7A      0    1101111                                                
 0921     79      0    1101111                                                
 0922     78      0    1101111                                                
 0923     77      0    1101111                                                
 0924     76      4    1101111                                                
 0925     75      4    1101111                                                
 0926     74      4    1101111                                                
 0927     73      4    1101111                                                
 0928     7C      F    1011111                                                
 0929     7B      F    1011111                                                
 0930     7A      0    1011111                                                
 0931     79      0    1011111                                                
 0932     78      F    1011111                                                
 0933     77      8    1011111                                                
 0934     76      0    1011111                                                
 0935     75      0    1011111                                                
 0936     74      0    1011111                                                
 0937     73      0    1011111                                                
 0938     7E      0    1001111                                                
 0939     7D      0    1001111                                                
 0940     7C      0    1001111                                                
 0941     7B      0    1001111                                                
 0942     7A      0    1001111                                                
 0943     79      0    1001111                                                
 0944     78      0    1001111                                                
 0945     77      0    1001111                                                
 0946     76      4    1001111                                                
 0947     75      4    1001111                                                
 0948     74      4    1001111                                                
 0949     73      4    1001111                                                
 0950     7C      F    1101111                                                
 0951     7B      F    1101111                                                
 0952     7A      F    1101111                                                
 0953     79      F    1101111                                                
 0954     78      F    1111111                                                
 0955     77      F    1111111                                                
 0956     76      F    1111111                                                
 0957     75      F    1111111                                                
 0958     74      F    1111111                                                
 0959     73      F    1111111                                                
 0960     7E      0    1111111                                                
 0961     7D      0    1111111                                                
 0962     7C      0    1111111                                                
 0963     7B      0    1111111                                                
 0964     7A      0    1111111                                                
 0965     79      0    1111111                                                
 0966     78      0    1111111                                                
 0967     77      0    1111111                                                
 0968     76      0    1111111                                                
 0969     75      0    1111111                                                
 0970     74      0    1111111                                                
 0971     73      0    1111111                                                
 0972     72      0    1011111                                                
 0973     7F      0    1111111                                                
 0974     7E      0    1111111                                                
 0975     7D      0    1111111                                                
 0976     7C      0    1111111                                                
 0977     7E      0    1001111                                                
 0978     7D      B    1001111                                                
 0979     7C      B    1001111                                                
 0980     7B      F    1001111                                                
 0981     7A      0    1001111                                                
 0982     79      0    1001111                                                
 0983     78      F    1001111                                                
 0984     77      8    1001111                                                
 0985     76      0    1001111                                                
 0986     75      0    1011111                                                
 0987     74      0    1011111                                                
 0988     73      0    1011111                                                
 0989     7E      0    1011111                                                
 0990     7D      0    1011111                                                
 0991     7C      0    1011111                                                
 0992     7B      0    1011111                                                
 0993     7A      0    1011111                                                
 0994     79      0    1011111                                                
 0995     78      0    1011111                                                
 0996     77      0    1011111                                                
 0997     76      4    1011111                                                
 0998     75      4    1011111                                                
 0999     74      4    1011111                                                
 1000     73      4    1011111                                                
 1001     7E      B    1101111                                                
 1002     7D      B    1101111                                                
 1003     7C      B    1101111                                                
 1004     7B      F    1101111                                                
 1005     7A      F    1101111                                                
 1006     79      F    1101111                                                
 1007     78      F    1101111                                                
 1008     77      F    1101111                                                
 1009     76      F    1101111                                                
 1010     75      F    1101111                                                
 1011     74      F    1101111                                                
 1012     73      F    1101111                                                
 1013     7E      0    1111111                                                
 1014     7D      0    1111111                                                
 1015     7C      0    1111111                                                
 1016     7B      0    1111111                                                
 1017     7A      0    1111111                                                
 1018     79      0    1111111                                                
 1019     78      0    1111111                                                
 1020     77      0    1111111                                                
 1021     76      0    1111111                                                
