 STATE LISTING OF AQU MEM  
  POS         ADDR    DATA   CE
 7390     7A      F    1101111                                                
 7391     79      F    1101111                                                
 7392     78      F    1101111                                                
 7393     77      8    1101111                                                
 7394     76      0    1101111                                                
 7395     75      0    1101111                                                
 7396     74      0    1101111                                                
 7397     73      0    1101111                                                
 7398     7E      0    1101111                                                
 7399     7D      0    1101111                                                
 7400     7C      0    1101111                                                
 7401     7B      0    1101111                                                
 7402     7A      0    1101111                                                
 7403     79      0    1101111                                                
 7404     78      0    1101111                                                
 7405     77      0    1101111                                                
 7406     76      4    1101111                                                
 7407     75      4    1101111                                                
 7408     74      4    1101111                                                
 7409     73      4    1101111                                                
 7410     7C      F    1011111                                                
 7411     7B      F    1011111                                                
 7412     7A      F    1011111                                                
 7413     79      F    1011111                                                
 7414     78      F    1011111                                                
 7415     77      F    1011111                                                
 7416     76      F    1011111                                                
 7417     75      F    1011111                                                
 7418     74      F    1011111                                                
 7419     73      F    1011111                                                
 7420     7E      0    1011111                                                
 7421     7D      0    1011111                                                
 7422     7C      0    1011111                                                
 7423     7B      0    1011111                                                
 7424     7A      0    1011111                                                
 7425     79      0    1011111                                                
 7426     78      0    1011111                                                
 7427     77      0    1011111                                                
 7428     76      0    1011111                                                
 7429     75      0    1011111                                                
 7430     74      0    1011111                                                
 7431     73      0    1011111                                                
 7432     7C      5    1011111                                                
 7433     7B      F    1011111                                                
 7434     7A      F    1011111                                                
 7435     79      F    1011111                                                
 7436     78      F    1011111                                                
 7437     77      8    1011111                                                
 7438     76      0    1011111                                                
 7439     75      0    1011111                                                
 7440     74      0    1011111                                                
 7441     73      0    1011111                                                
 7442     7C      0    1011111                                                
 7443     7B      0    1011111                                                
 7444     7A      0    1011111                                                
 7445     79      0    1011111                                                
 7446     78      0    1011111                                                
 7447     77      0    1011111                                                
 7448     76      4    1011111                                                
 7449     75      4    1011111                                                
 7450     74      4    1011111                                                
 7451     73      4    1011111                                                
 7452     7C      F    1101111                                                
 7453     7B      F    1101111                                                
 7454     7A      F    1101111                                                
 7455     79      F    1101111                                                
 7456     78      F    1101111                                                
 7457     77      8    1101111                                                
 7458     76      0    1101111                                                
 7459     75      0    1101111                                                
 7460     74      0    1101111                                                
 7461     73      0    1101111                                                
 7462     7E      0    1101111                                                
 7463     7D      0    1101111                                                
 7464     7C      0    1101111                                                
 7465     7B      0    1101111                                                
 7466     7A      0    1101111                                                
 7467     79      0    1101111                                                
 7468     78      0    1101111                                                
 7469     77      0    1101111                                                
 7470     76      4    1101111                                                
 7471     75      4    1101111                                                
 7472     74      4    1101111                                                
 7473     73      4    1101111                                                
 7474     7C      F    1011111                                                
 7475     7B      F    1011111                                                
 7476     7A      F    1011111                                                
 7477     79      F    1011111                                                
 7478     78      F    1011111                                                
 7479     77      F    1011111                                                
 7480     76      F    1011111                                                
 7481     75      F    1011111                                                
 7482     74      F    1011111                                                
 7483     73      F    1011111                                                
 7484     7E      0    1011111                                                
 7485     7D      0    1011111                                                
 7486     7C      0    1011111                                                
 7487     7B      0    1011111                                                
 7488     7A      0    1011111                                                
 7489     79      0    1011111                                                
 7490     78      0    1011111                                                
 7491     77      0    1011111                                                
 7492     76      0    1011111                                                
 7493     75      0    1011111                                                
 7494     74      0    1011111                                                
 7495     73      0    1011111                                                
 7496     7C      5    1011111                                                
 7497     7B      F    1011111                                                
 7498     7A      0    1011111                                                
 7499     79      0    1011111                                                
 7500     78      F    1011111                                                
 7501     77      8    1011111                                                
 7502     76      0    1011111                                                
 7503     75      0    1011111                                                
 7504     74      0    1011111                                                
 7505     73      0    1011111                                                
 7506     7C      0    1011111                                                
 7507     7B      0    1011111                                                
 7508     7A      0    1011111                                                
 7509     79      0    1011111                                                
 7510     78      0    1011111                                                
 7511     77      0    1011111                                                
 7512     76      4    1011111                                                
 7513     75      4    1011111                                                
 7514     74      4    1011111                                                
 7515     73      4    1011111                                                
 7516     7C      F    1101111                                                
 7517     7B      F    1101111                                                
 7518     7A      0    1101111                                                
 7519     79      0    1101111                                                
 7520     78      F    1101111                                                
 7521     77      8    1101111                                                
 7522     76      0    1101111                                                
 7523     75      0    1101111                                                
 7524     74      0    1101111                                                
 7525     73      0    1101111                                                
 7526     7E      0    1101111                                                
 7527     7D      0    1101111                                                
 7528     7C      0    1101111                                                
 7529     7B      0    1101111                                                
 7530     7A      0    1101111                                                
 7531     79      0    1101111                                                
 7532     78      0    1101111                                                
 7533     77      0    1101111                                                
 7534     76      4    1101111                                                
 7535     75      4    1101111                                                
 7536     74      4    1101111                                                
 7537     73      4    1101111                                                
 7538     7C      F    1011111                                                
 7539     7B      F    1011111                                                
 7540     7A      F    1011111                                                
 7541     79      F    1011111                                                
 7542     78      F    1011111                                                
 7543     77      F    1011111                                                
 7544     76      F    1011111                                                
 7545     75      F    1011111                                                
 7546     74      F    1011111                                                
 7547     73      F    1011111                                                
 7548     7E      0    1011111                                                
 7549     7D      0    1011111                                                
 7550     7C      0    1011111                                                
 7551     7B      0    1011111                                                
 7552     7A      0    1011111                                                
 7553     79      0    1011111                                                
 7554     78      0    1011111                                                
 7555     77      0    1011111                                                
 7556     76      0    1011111                                                
 7557     75      0    1011111                                                
 7558     74      0    1011111                                                
 7559     73      0    1011111                                                
 7560     72      0    1101111                                                
 7561     7F      0    1011111                                                
 7562     7E      0    1011111                                                
 7563     7D      0    1011111                                                
 7564     7C      0    1011111                                                
 7565     7E      0    1101111                                                
 7566     7D      B    1101111                                                
 7567     7C      B    1101111                                                
 7568     7B      F    1101111                                                
 7569     7A      0    1101111                                                
 7570     79      0    1101111                                                
 7571     78      F    1101111                                                
 7572     77      8    1101111                                                
 7573     76      0    1101111                                                
 7574     75      0    1101111                                                
 7575     74      0    1101111                                                
 7576     73      0    1101111                                                
 7577     7E      0    1101111                                                
 7578     7D      0    1101111                                                
 7579     7C      0    1101111                                                
 7580     7B      0    1101111                                                
 7581     7A      0    1101111                                                
 7582     79      0    1101111                                                
 7583     78      0    1101111                                                
 7584     77      0    1101111                                                
 7585     76      4    1101111                                                
 7586     75      4    1101111                                                
 7587     74      4    1101111                                                
 7588     73      4    1101111                                                
 7589     7E      B    1011111                                                
 7590     7D      B    1011111                                                
 7591     7C      B    1011111                                                
 7592     7B      F    1011111                                                
 7593     7A      F    1011111                                                
 7594     79      F    1011111                                                
 7595     78      F    1011111                                                
 7596     77      F    1011111                                                
 7597     76      F    1011111                                                
 7598     75      F    1011111                                                
 7599     74      F    1011111                                                
 7600     73      F    1011111                                                
 7601     7E      0    1011111                                                
 7602     7D      0    1011111                                                
 7603     7C      0    1011111                                                
 7604     7B      0    1011111                                                
 7605     7A      0    1011111                                                
 7606     79      0    1011111                                                
 7607     78      0    1011111                                                
 7608     77      0    1011111                                                
 7609     76      0    1011111                                                
 7610     75      0    1011111                                                
 7611     74      0    1011111                                                
 7612     73      0    1011111                                                
 7613     75      0    1101111                                                
 7614     74      0    1101111                                                
 7615     73      0    1101111                                                
 7616     7E      0    1101111                                                
 7617     7D      B    1101111                                                
 7618     7C      B    1101111                                                
 7619     7B      F    1101111                                                
 7620     7A      0    1101111                                                
 7621     79      0    1101111                                                
 7622     78      F    1101111                                                
 7623     77      8    1101111                                                
 7624     76      0    1101111                                                
 7625     75      0    1101111                                                
 7626     74      0    1101111                                                
 7627     73      0    1101111                                                
 7628     7E      0    1101111                                                
 7629     7D      0    1101111                                                
 7630     7C      0    1101111                                                
 7631     7B      0    1101111                                                
 7632     7A      0    1101111                                                
 7633     79      0    1101111                                                
 7634     78      0    1101111                                                
 7635     77      0    1101111                                                
 7636     76      4    1101111                                                
 7637     75      4    1101111                                                
 7638     74      4    1101111                                                
 7639     73      4    1101111                                                
 7640     7E      A    1011111                                                
 7641     7D      A    1011111                                                
 7642     7C      B    1011111                                                
 7643     7B      F    1011111                                                
 7644     7A      F    1011111                                                
 7645     79      F    1011111                                                
 7646     78      F    1011111                                                
 7647     77      F    1011111                                                
 7648     76      F    1011111                                                
 7649     75      F    1011111                                                
 7650     74      F    1011111                                                
 7651     73      F    1011111                                                
 7652     7E      0    1011111                                                
 7653     7D      0    1011111                                                
 7654     7C      0    1011111                                                
 7655     7B      0    1011111                                                
 7656     7A      0    1011111                                                
 7657     79      0    1011111                                                
 7658     78      0    1011111                                                
 7659     77      0    1011111                                                
 7660     76      0    1011111                                                
 7661     75      0    1011111                                                
 7662     74      0    1011111                                                
 7663     73      0    1011111                                                
 7664     7E      B    1101111                                                
 7665     7D      B    1101111                                                
 7666     7C      B    1101111                                                
 7667     7B      F    1101111                                                
 7668     7A      0    1101111                                                
 7669     79      0    1101111                                                
 7670     78      F    1101111                                                
 7671     77      8    1101111                                                
 7672     76      0    1101111                                                
 7673     75      0    1101111                                                
 7674     74      0    1101111                                                
 7675     73      0    1101111                                                
 7676     7E      0    1101111                                                
 7677     7D      0    1101111                                                
 7678     7C      0    1101111                                                
 7679     7B      0    1101111                                                
 7680     7A      0    1101111                                                
 7681     79      0    1101111                                                
 7682     78      0    1101111                                                
 7683     77      0    1101111                                                
 7684     76      4    1101111                                                
 7685     75      4    1101111                                                
 7686     74      4    1101111                                                
 7687     73      4    1101111                                                
 7688     7E      B    1011111                                                
 7689     7D      B    1011111                                                
 7690     7C      B    1011111                                                
 7691     7B      F    1011111                                                
 7692     7A      F    1011111                                                
 7693     79      F    1011111                                                
 7694     78      F    1011111                                                
 7695     77      F    1011111                                                
 7696     76      F    1011111                                                
 7697     75      F    1011111                                                
 7698     74      F    1011111                                                
 7699     73      F    1011111                                                
 7700     7E      0    1011111                                                
 7701     7D      0    1011111                                                
 7702     7C      0    1011111                                                
 7703     7B      0    1011111                                                
 7704     7A      0    1011111                                                
 7705     79      0    1011111                                                
 7706     78      0    1011111                                                
 7707     77      0    1011111                                                
 7708     76      0    1011111                                                
 7709     75      0    1011111                                                
 7710     74      0    1011111                                                
 7711     73      0    1011111                                                
 7712     75      0    1101111                                                
 7713     74      0    1101111                                                
 7714     73      0    1101111                                                
 7715     7E      0    1101111                                                
 7716     7D      B    1101111                                                
 7717     7C      B    1101111                                                
 7718     7B      F    1101111                                                
 7719     7A      0    1101111                                                
 7720     79      0    1101111                                                
 7721     78      F    1101111                                                
 7722     77      8    1101111                                                
 7723     76      0    1101111                                                
 7724     75      0    1101111                                                
 7725     74      0    1101111                                                
 7726     73      0    1101111                                                
 7727     7E      0    1101111                                                
 7728     7D      0    1101111                                                
 7729     7C      0    1101111                                                
 7730     7B      0    1101111                                                
 7731     7A      0    1101111                                                
 7732     79      0    1101111                                                
 7733     78      0    1101111                                                
 7734     77      0    1101111                                                
 7735     76      4    1101111                                                
 7736     75      4    1101111                                                
 7737     74      4    1101111                                                
 7738     73      4    1101111                                                
 7739     7E      A    1011111                                                
 7740     7D      A    1011111                                                
 7741     7C      B    1011111                                                
 7742     7B      F    1011111                                                
 7743     7A      F    1011111                                                
 7744     79      F    1011111                                                
 7745     78      F    1011111                                                
 7746     77      F    1011111                                                
 7747     76      F    1011111                                                
 7748     75      F    1011111                                                
 7749     74      F    1011111                                                
 7750     73      F    1011111                                                
 7751     7E      0    1011111                                                
 7752     7D      0    1011111                                                
 7753     7C      0    1011111                                                
 7754     7B      0    1011111                                                
 7755     7A      0    1011111                                                
 7756     79      0    1011111                                                
 7757     78      0    1011111                                                
 7758     77      0    1011111                                                
 7759     76      0    1011111                                                
 7760     75      0    1011111                                                
 7761     74      0    1011111                                                
 7762     73      0    1011111                                                
 7763     7E      B    1101111                                                
 7764     7D      B    1101111                                                
 7765     7C      B    1101111                                                
 7766     7B      F    1101111                                                
 7767     7A      0    1101111                                                
 7768     79      0    1101111                                                
 7769     78      F    1101111                                                
 7770     77      8    1101111                                                
 7771     76      0    1101111                                                
 7772     75      0    1101111                                                
 7773     74      0    1101111                                                
 7774     73      0    1101111                                                
 7775     7E      0    1101111                                                
 7776     7D      0    1101111                                                
 7777     7C      0    1101111                                                
 7778     7B      0    1101111                                                
 7779     7A      0    1101111                                                
 7780     79      0    1101111                                                
 7781     78      0    1101111                                                
 7782     77      0    1101111                                                
 7783     76      4    1101111                                                
 7784     75      4    1101111                                                
 7785     74      4    1101111                                                
 7786     73      4    1101111                                                
 7787     7E      B    1011111                                                
 7788     7D      B    1011111                                                
 7789     7C      B    1011111                                                
 7790     7B      F    1011111                                                
 7791     7A      F    1011111                                                
 7792     79      F    1011111                                                
 7793     78      F    1011111                                                
 7794     77      F    1011111                                                
 7795     76      F    1011111                                                
 7796     75      F    1011111                                                
 7797     74      F    1011111                                                
 7798     73      F    1011111                                                
 7799     7E      0    1011111                                                
 7800     7D      0    1011111                                                
 7801     7C      0    1011111                                                
 7802     7B      0    1011111                                                
 7803     7A      0    1011111                                                
 7804     79      0    1011111                                                
 7805     78      0    1011111                                                
 7806     77      0    1011111                                                
 7807     76      0    1011111                                                
 7808     75      0    1011111                                                
 7809     74      0    1011111                                                
 7810     73      0    1011111                                                
 7811     75      4    1101111                                                
 7812     74      4    1101111                                                
 7813     73      0    1101111                                                
 7814     7E      0    1101111                                                
 7815     7D      B    1101111                                                
 7816     7C      B    1101111                                                
 7817     7B      F    1101111                                                
 7818     7A      0    1101111                                                
 7819     79      0    1101111                                                
 7820     78      F    1101111                                                
 7821     77      8    1101111                                                
 7822     76      0    1101111                                                
 7823     75      0    1101111                                                
 7824     74      0    1101111                                                
 7825     73      0    1101111                                                
 7826     7E      0    1101111                                                
 7827     7D      0    1101111                                                
 7828     7C      0    1101111                                                
 7829     7B      0    1101111                                                
 7830     7A      0    1101111                                                
 7831     79      0    1101111                                                
 7832     78      0    1101111                                                
 7833     77      0    1101111                                                
 7834     76      4    1101111                                                
 7835     75      4    1101111                                                
 7836     74      4    1101111                                                
 7837     73      4    1101111                                                
 7838     7E      A    1011111                                                
 7839     7D      A    1011111                                                
 7840     7C      B    1011111                                                
 7841     7B      F    1011111                                                
 7842     7A      F    1011111                                                
 7843     79      F    1011111                                                
 7844     78      F    1011111                                                
 7845     77      F    1011111                                                
 7846     76      F    1011111                                                
 7847     75      F    1011111                                                
 7848     74      F    1011111                                                
 7849     73      F    1011111                                                
 7850     7E      0    1011111                                                
 7851     7D      0    1011111                                                
 7852     7C      0    1011111                                                
 7853     7B      0    1011111                                                
 7854     7A      0    1011111                                                
 7855     79      0    1011111                                                
 7856     78      0    1011111                                                
 7857     77      0    1011111                                                
 7858     76      0    1011111                                                
 7859     75      0    1011111                                                
 7860     74      0    1011111                                                
 7861     73      0    1011111                                                
 7862     7E      B    1101111                                                
 7863     7D      B    1101111                                                
 7864     7C      B    1101111                                                
 7865     7B      F    1101111                                                
 7866     7A      0    1101111                                                
 7867     79      0    1101111                                                
 7868     78      F    1101111                                                
 7869     77      8    1101111                                                
 7870     76      0    1101111                                                
 7871     75      0    1101111                                                
 7872     74      0    1101111                                                
 7873     73      0    1101111                                                
 7874     7E      0    1101111                                                
 7875     7D      0    1101111                                                
 7876     7C      0    1101111                                                
 7877     7B      0    1101111                                                
 7878     7A      0    1101111                                                
 7879     79      0    1101111                                                
 7880     78      0    1101111                                                
 7881     77      0    1101111                                                
 7882     76      4    1101111                                                
 7883     75      4    1101111                                                
 7884     74      4    1101111                                                
 7885     73      4    1101111                                                
 7886     7E      B    1011111                                                
 7887     7D      B    1011111                                                
 7888     7C      B    1011111                                                
 7889     7B      F    1011111                                                
 7890     7A      F    1011111                                                
 7891     79      F    1011111                                                
 7892     78      F    1011111                                                
 7893     77      F    1011111                                                
 7894     76      F    1011111                                                
 7895     75      F    1011111                                                
 7896     74      F    1011111                                                
 7897     73      F    1011111                                                
 7898     7E      0    1011111                                                
 7899     7D      0    1011111                                                
 7900     7C      0    1011111                                                
 7901     7B      0    1011111                                                
 7902     7A      0    1011111                                                
 7903     79      0    1011111                                                
 7904     78      0    1011111                                                
 7905     77      0    1011111                                                
 7906     76      0    1011111                                                
 7907     75      0    1011111                                                
 7908     74      0    1011111                                                
 7909     73      0    1011111                                                
 7910     75      4    1101111                                                
 7911     74      1    1101111                                                
 7912     73      0    1101111                                                
 7913     7E      0    1101111                                                
 7914     7D      B    1101111                                                
 7915     7C      B    1101111                                                
 7916     7B      F    1101111                                                
 7917     7A      0    1101111                                                
 7918     79      0    1101111                                                
 7919     78      F    1101111                                                
 7920     77      8    1101111                                                
 7921     76      0    1101111                                                
 7922     75      0    1101111                                                
 7923     74      0    1101111                                                
 7924     73      0    1101111                                                
 7925     7E      0    1101111                                                
 7926     7D      0    1101111                                                
 7927     7C      0    1101111                                                
 7928     7B      0    1101111                                                
 7929     7A      0    1101111                                                
 7930     79      0    1101111                                                
 7931     78      0    1101111                                                
 7932     77      0    1101111                                                
 7933     76      4    1101111                                                
 7934     75      4    1101111                                                
 7935     74      4    1101111                                                
 7936     73      4    1101111                                                
 7937     7E      A    1011111                                                
 7938     7D      A    1011111                                                
 7939     7C      B    1011111                                                
 7940     7B      F    1011111                                                
 7941     7A      F    1011111                                                
 7942     79      F    1011111                                                
 7943     78      F    1011111                                                
 7944     77      F    1011111                                                
 7945     76      F    1011111                                                
 7946     75      F    1011111                                                
 7947     74      F    1011111                                                
 7948     73      F    1011111                                                
 7949     7E      0    1011111                                                
 7950     7D      0    1011111                                                
 7951     7C      0    1011111                                                
 7952     7B      0    1011111                                                
 7953     7A      0    1011111                                                
 7954     79      0    1011111                                                
 7955     78      0    1011111                                                
 7956     77      0    1011111                                                
 7957     76      0    1011111                                                
 7958     75      0    1011111                                                
 7959     74      0    1011111                                                
 7960     73      0    1011111                                                
 7961     7E      B    1101111                                                
 7962     7D      B    1101111                                                
 7963     7C      B    1101111                                                
 7964     7B      F    1101111                                                
 7965     7A      0    1101111                                                
 7966     79      0    1101111                                                
 7967     78      F    1101111                                                
 7968     77      8    1101111                                                
 7969     76      0    1101111                                                
 7970     75      0    1101111                                                
 7971     74      0    1101111                                                
 7972     73      0    1101111                                                
 7973     7E      0    1101111                                                
 7974     7D      0    1101111                                                
 7975     7C      0    1101111                                                
 7976     7B      0    1101111                                                
 7977     7A      0    1101111                                                
 7978     79      0    1101111                                                
 7979     78      0    1101111                                                
 7980     77      0    1101111                                                
 7981     76      4    1101111                                                
 7982     75      4    1101111                                                
 7983     74      4    1101111                                                
 7984     73      4    1101111                                                
 7985     7E      B    1011111                                                
 7986     7D      B    1011111                                                
 7987     7C      B    1011111                                                
 7988     7B      F    1011111                                                
 7989     7A      F    1011111                                                
 7990     79      F    1011111                                                
 7991     78      F    1011111                                                
 7992     77      F    1011111                                                
 7993     76      F    1011111                                                
 7994     75      F    1011111                                                
 7995     74      F    1011111                                                
 7996     73      F    1011111                                                
 7997     7E      0    1011111                                                
 7998     7D      0    1011111                                                
 7999     7C      0    1011111                                                
 8000     7B      0    1011111                                                
 8001     7A      0    1011111                                                
 8002     79      0    1011111                                                
 8003     78      0    1011111                                                
 8004     77      0    1011111                                                
 8005     76      0    1011111                                                
 8006     75      0    1011111                                                
 8007     74      0    1011111                                                
 8008     73      0    1011111                                                
 8009     75      0    1101111                                                
 8010     74      0    1101111                                                
 8011     73      0    1101111                                                
 8012     7E      2    1101111                                                
 8013     7D      B    1101111                                                
 8014     7C      B    1101111                                                
 8015     7B      F    1101111                                                
 8016     7A      0    1101111                                                
 8017     79      0    1101111                                                
 8018     78      F    1101111                                                
 8019     77      8    1101111                                                
 8020     76      0    1101111                                                
 8021     75      0    1101111                                                
 8022     74      0    1101111                                                
 8023     73      0    1101111                                                
 8024     7E      0    1101111                                                
 8025     7D      0    1101111                                                
 8026     7C      0    1101111                                                
 8027     7B      0    1101111                                                
 8028     7A      0    1101111                                                
 8029     79      0    1101111                                                
 8030     78      0    1101111                                                
 8031     77      0    1101111                                                
 8032     76      4    1101111                                                
 8033     75      4    1101111                                                
 8034     74      4    1101111                                                
 8035     73      4    1101111                                                
 8036     7E      B    1011111                                                
 8037     7D      B    1011111                                                
 8038     7C      B    1011111                                                
 8039     7B      F    1011111                                                
 8040     7A      F    1011111                                                
 8041     79      F    1011111                                                
 8042     78      F    1011111                                                
 8043     77      F    1011111                                                
 8044     76      F    1011111                                                
 8045     75      F    1011111                                                
 8046     74      F    1011111                                                
 8047     73      F    1011111                                                
 8048     7E      0    1011111                                                
 8049     7D      0    1011111                                                
 8050     7C      0    1011111                                                
 8051     7B      0    1011111                                                
 8052     7A      0    1011111                                                
 8053     79      0    1011111                                                
 8054     78      0    1011111                                                
 8055     77      0    1011111                                                
 8056     76      0    1011111                                                
 8057     75      0    1011111                                                
 8058     74      0    1011111                                                
 8059     73      0    1011111                                                
 8060     75      4    1101111                                                
 8061     74      2    1101111                                                
 8062     73      0    1101111                                                
 8063     7F      6    1111111                                                
 8064     7E      3    1111111                                                
 8065     7C      0    1011111                                                
 8066     7B      0    1011111                                                
 8067     7A      0    1011111                                                
 8068     79      0    1011111                                                
 8069     78      0    1011111                                                
 8070     77      0    1011111                                                
 8071     76      0    1011111                                                
 8072     75      0    1011111                                                
 8073     74      0    1011111                                                
 8074     73      0    1011111                                                
 8075     7C      F    1011111                                                
 8076     7B      F    1011111                                                
 8077     7A      F    1011111                                                
 8078     79      F    1011111                                                
 8079     78      F    1011111                                                
 8080     77      F    1011111                                                
 8081     76      F    1011111                                                
 8082     75      F    1011111                                                
 8083     74      F    1011111                                                
 8084     73      F    1011111                                                
 8085     7C      0    1011111                                                
 8086     7B      0    1011111                                                
 8087     7A      0    1011111                                                
 8088     79      0    1011111                                                
 8089     78      0    1011111                                                
 8090     77      0    1011111                                                
 8091     76      0    1011111                                                
 8092     75      0    1011111                                                
 8093     74      0    1011111                                                
 8094     73      0    1011111                                                
 8095     7C      F    1011111                                                
 8096     7B      F    1011111                                                
 8097     7A      F    1011111                                                
 8098     79      F    1011111                                                
 8099     78      F    1011111                                                
 8100     77      F    1011111                                                
 8101     76      F    1011111                                                
 8102     75      F    1011111                                                
 8103     74      F    1011111                                                
 8104     73      F    1011111                                                
 8105     7C      0    1011111                                                
 8106     7B      F    1011111                                                
 8107     7A      F    1011111                                                
 8108     79      F    1011111                                                
 8109     78      F    1011111                                                
 8110     77      F    1011111                                                
 8111     76      F    1011111                                                
 8112     75      F    1011111                                                
 8113     74      F    1011111                                                
 8114     73      6    1011111                                                
 8115     7C      0    1011111                                                
 8116     7B      0    1011111                                                
 8117     7A      0    1011111                                                
 8118     79      0    1011111                                                
 8119     78      0    1011111                                                
 8120     77      0    1011111                                                
 8121     76      0    1011111                                                
 8122     75      0    1011111                                                
 8123     74      0    1011111                                                
 8124     73      0    1011111                                                
 8125     7D      F    1111111                                                
 8126     7C      F    1111111                                                
 8127     7E      2    1101111                                                
 8128     7D      B    1101111                                                
 8129     7C      B    1101111                                                
 8130     7B      F    1101111                                                
 8131     7A      F    1101111                                                
 8132     79      F    1101111                                                
 8133     78      F    1101111                                                
 8134     77      F    1101111                                                
 8135     76      F    1101111                                                
 8136     75      F    1101111                                                
 8137     74      F    1101111                                                
 8138     73      6    1101111                                                
 8139     7E      0    1101111                                                
 8140     7D      0    1101111                                                
 8141     7C      0    1101111                                                
 8142     7B      0    1101111                                                
 8143     7A      0    1101111                                                
 8144     79      0    1101111                                                
 8145     78      0    1101111                                                
 8146     77      0    1101111                                                
 8147     76      0    1101111                                                
 8148     75      0    1101111                                                
 8149     74      0    1101111                                                
 8150     73      0    1101111                                                
 8151     7E      B    1011111                                                
 8152     7D      B    1011111                                                
 8153     7C      B    1011111                                                
 8154     7B      F    1011111                                                
 8155     7A      F    1011111                                                
 8156     79      F    1011111                                                
 8157     78      F    1011111                                                
 8158     77      F    1011111                                                
 8159     76      F    1011111                                                
 8160     75      F    1011111                                                
 8161     74      F    1011111                                                
 8162     73      F    1011111                                                
 8163     7E      0    1011111                                                
 8164     7D      0    1011111                                                
 8165     7C      0    1011111                                                
 8166     7B      0    1011111                                                
 8167     7A      0    1011111                                                
 8168     79      0    1011111                                                
 8169     78      0    1011111                                                
 8170     77      0    1011111                                                
 8171     76      0    1011111                                                
 8172     75      0    1011111                                                
 8173     74      0    1011111                                                
 8174     73      0    1011111                                                
 8175     74      E    1101111                                                
 8176     74      5    1101111                                                
 8177     74      F    1101111                                                
 8178     74      0    1101111                                                
 8179     74      E    1101111                                                
 8180     74      5    1101111                                                
 8181     74      F    1101111                                                
 8182     74      0    1101111                                                
 8183     74      E    1101111                                                
 8184     74      5    1101111                                                
 8185     74      F    1101111                                                
 8186     74      0    1101111                                                
 8187     74      E    1101111                                                
 8188     74      5    1101111                                                
 8189     74      F    1101111                                                
