 0040     0B      0    1   1        11111111 1111                             
 0041     0B      0    1   1        11111111 1111                             
 0070     0B      0    1   1        11111111 1111                             
 0071     0B      0    1   1        11111111 1111                             
 0090     0B      F    1   1        11111111 1111                             
 0091     0B      F    1   1        11111111 1111                             
 0124     0B      0    1   1        11111111 1111                             
 0125     0B      0    1   1        11111111 1111                             
 0146     0B      F    1   1        11111111 1111                             
 0147     0B      F    1   1        11111111 1111                             
 0168     0B      0    1   1        11111111 1111                             
 0169     0B      0    1   1        11111111 1111                             
 0190     0B      F    1   1        11111111 1111                             
 0191     0B      F    1   1        11111111 1111                             
 0222     0B      0    1   1        11111111 1111                             
 0223     0B      0    1   1        11111111 1111                             
 0244     0B      F    1   1        11111111 1111                             
 0245     0B      F    1   1        11111111 1111                             
 0270     0B      0    1   1        11111111 1111                             
 0271     0B      0    1   1        11111111 1111                             
 0292     0B      F    1   1        11111111 1111                             
 0293     0B      F    1   1        11111111 1111                             
 0300     0B      0    1   1        11111111 1111                             
 0301     0B      0    1   1        11111111 1111                             
 0318     0B      F    1   1        11111111 1111                             
 0319     0B      F    1   1        11111111 1111                             
 0326     0B      4    1   1        11111111 1111                             
 0327     0B      4    1   1        11111111 1111                             
 0348     0B      0    1   1        11111111 1111                             
 0349     0B      0    1   1        11111111 1111                             
 0376     0B      0    1   1        11111111 1111                             
 0377     0B      0    1   1        11111111 1111                             
 0398     0B      F    1   1        11111111 1111                             
 0399     0B      F    1   1        11111111 1111                             
 0418     0B      F    1   1        11111111 1111                             
 0419     0B      F    1   1        11111111 1111                             
 0440     0B      0    1   1        11111111 1111                             
 0441     0B      0    1   1        11111111 1111                             
 0472     0B      0    1   1        11111111 1111                             
 0473     0B      0    1   1        11111111 1111                             
 0494     0B      F    1   1        11111111 1111                             
 0495     0B      F    1   1        11111111 1111                             
 0520     0B      0    1   1        11111111 1111                             
 0521     0B      0    1   1        11111111 1111                             
 0542     0B      F    1   1        11111111 1111                             
 0543     0B      F    1   1        11111111 1111                             
 0550     0B      0    1   1        11111111 1111                             
 0551     0B      0    1   1        11111111 1111                             
 0568     0B      F    1   1        11111111 1111                             
 0569     0B      F    1   1        11111111 1111                             
 0576     0B      4    1   1        11111111 1111                             
 0577     0B      4    1   1        11111111 1111                             
 0598     0B      0    1   1        11111111 1111                             
 0599     0B      0    1   1        11111111 1111                             
 0626     0B      0    1   1        11111111 1111                             
 0627     0B      0    1   1        11111111 1111                             
 0648     0B      F    1   1        11111111 1111                             
 0649     0B      F    1   1        11111111 1111                             
 0668     0B      4    1   1        11111111 1111                             
 0669     0B      4    1   1        11111111 1111                             
 0690     0B      4    1   1        11111111 1111                             
 0691     0B      4    1   1        11111111 1111                             
 0722     0B      0    1   1        11111111 1111                             
 0723     0B      4    1   1        11111111 1111                             
 0744     0B      F    1   1        11111111 1111                             
 0745     0B      4    1   1        11111111 1111                             
 0770     0B      0    1   1        11111111 1111                             
 0771     0B      0    1   1        11111111 1111                             
 0792     0B      F    1   1        11111111 1111                             
 0793     0B      F    1   1        11111111 1111                             
 0800     0B      0    1   1        11111111 1111                             
 0801     0B      0    1   1        11111111 1111                             
 0818     0B      F    1   1        11111111 1111                             
 0819     0B      F    1   1        11111111 1111                             
 0826     0B      4    1   1        11111111 1111                             
 0827     0B      4    1   1        11111111 1111                             
 0848     0B      0    1   1        11111111 1111                             
 0849     0B      0    1   1        11111111 1111                             
 0876     0B      0    1   1        11111111 1111                             
 0877     0B      4    1   1        11111111 1111                             
 0898     0B      F    1   1        11111111 1111                             
 0899     0B      4    1   1        11111111 1111                             
 0918     0B      4    1   1        11111111 1111                             
 0919     0B      4    1   1        11111111 1111                             
 0940     0B      4    1   1        11111111 1111                             
 0941     0B      4    1   1        11111111 1111                             
 0972     0B      4    1   1        11111111 1111                             
 0973     0B      4    1   1        11111111 1111                             
 0994     0B      0    1   1        11111111 1111                             
 0995     0B      4    1   1        11111111 1111                             
 1020     0B      0    1   1        11111111 1111                             
 1021     0B      0    1   1        11111111 1111                             
 1042     0B      F    1   1        11111111 1111                             
 1043     0B      F    1   1        11111111 1111                             
 1050     0B      0    1   1        11111111 1111                             
 1051     0B      0    1   1        11111111 1111                             
 1068     0B      F    1   1        11111111 1111                             
 1069     0B      F    1   1        11111111 1111                             
 1076     0B      4    1   1        11111111 1111                             
 1077     0B      4    1   1        11111111 1111                             
 1098     0B      0    1   1        11111111 1111                             
 1099     0B      0    1   1        11111111 1111                             
 1126     0B      4    1   1        11111111 1111                             
 1127     0B      4    1   1        11111111 1111                             
 1148     0B      0    1   1        11111111 1111                             
 1149     0B      4    1   1        11111111 1111                             
 1168     0B      4    1   1        11111111 1111                             
 1169     0B      4    1   1        11111111 1111                             
 1190     0B      4    1   1        11111111 1111                             
 1191     0B      4    1   1        11111111 1111                             
 1222     0B      4    1   1        11111111 1111                             
 1223     0B      4    1   1        11111111 1111                             
 1244     0B      0    1   1        11111111 1111                             
 1245     0B      4    1   1        11111111 1111                             
 1270     0B      0    1   1        11111111 1111                             
 1271     0B      0    1   1        11111111 1111                             
 1292     0B      F    1   1        11111111 1111                             
 1293     0B      F    1   1        11111111 1111                             
 1300     0B      0    1   1        11111111 1111                             
 1301     0B      0    1   1        11111111 1111                             
 1318     0B      F    1   1        11111111 1111                             
 1319     0B      F    1   1        11111111 1111                             
 1326     0B      4    1   1        11111111 1111                             
 1327     0B      4    1   1        11111111 1111                             
 1348     0B      0    1   1        11111111 1111                             
 1349     0B      0    1   1        11111111 1111                             
 1376     0B      4    1   1        11111111 1111                             
 1377     0B      4    1   1        11111111 1111                             
 1398     0B      0    1   1        11111111 1111                             
 1399     0B      4    1   1        11111111 1111                             
 1418     0B      4    1   1        11111111 1111                             
 1419     0B      4    1   1        11111111 1111                             
 1440     0B      4    1   1        11111111 1111                             
 1441     0B      4    1   1        11111111 1111                             
 1472     0B      4    1   1        11111111 1111                             
 1473     0B      4    1   1        11111111 1111                             
 1494     0B      0    1   1        11111111 1111                             
 1495     0B      4    1   1        11111111 1111                             
 1520     0B      0    1   1        11111111 1111                             
 1521     0B      0    1   1        11111111 1111                             
 1542     0B      F    1   1        11111111 1111                             
 1543     0B      F    1   1        11111111 1111                             
 1550     0B      0    1   1        11111111 1111                             
 1551     0B      0    1   1        11111111 1111                             
 1568     0B      F    1   1        11111111 1111                             
 1569     0B      F    1   1        11111111 1111                             
 1576     0B      4    1   1        11111111 1111                             
 1577     0B      4    1   1        11111111 1111                             
 1598     0B      0    1   1        11111111 1111                             
 1599     0B      0    1   1        11111111 1111                             
 1626     0B      4    1   1        11111111 1111                             
 1627     0B      4    1   1        11111111 1111                             
 1648     0B      0    1   1        11111111 1111                             
 1649     0B      4    1   1        11111111 1111                             
 1668     0B      4    1   1        11111111 1111                             
 1669     0B      4    1   1        11111111 1111                             
 1690     0B      4    1   1        11111111 1111                             
 1691     0B      4    1   1        11111111 1111                             
 1722     0B      4    1   1        11111111 1111                             
 1723     0B      4    1   1        11111111 1111                             
 1744     0B      0    1   1        11111111 1111                             
 1745     0B      4    1   1        11111111 1111                             
 1770     0B      0    1   1        11111111 1111                             
 1771     0B      0    1   1        11111111 1111                             
 1792     0B      F    1   1        11111111 1111                             
 1793     0B      F    1   1        11111111 1111                             
 1800     0B      0    1   1        11111111 1111                             
 1801     0B      0    1   1        11111111 1111                             
 1818     0B      F    1   1        11111111 1111                             
 1819     0B      F    1   1        11111111 1111                             
 1826     0B      4    1   1        11111111 1111                             
 1827     0B      4    1   1        11111111 1111                             
 1848     0B      0    1   1        11111111 1111                             
 1849     0B      0    1   1        11111111 1111                             
 1876     0B      4    1   1        11111111 1111                             
 1877     0B      4    1   1        11111111 1111                             
 1898     0B      0    1   1        11111111 1111                             
 1899     0B      4    1   1        11111111 1111                             
 1918     0B      4    1   1        11111111 1111                             
 1919     0B      4    1   1        11111111 1111                             
 1940     0B      4    1   1        11111111 1111                             
 1941     0B      4    1   1        11111111 1111                             
 1972     0B      4    1   1        11111111 1111                             
 1973     0B      4    1   1        11111111 1111                             
 1994     0B      0    1   1        11111111 1111                             
 1995     0B      4    1   1        11111111 1111                             
 2020     0B      0    1   1        11111111 1111                             
 2021     0B      0    1   1        11111111 1111                             
 2042     0B      F    1   1        11111111 1111                             
 2043     0B      F    1   1        11111111 1111                             
 2050     0B      0    1   1        11111111 1111                             
 2051     0B      0    1   1        11111111 1111                             
 2068     0B      F    1   1        11111111 1111                             
 2069     0B      F    1   1        11111111 1111                             
 2076     0B      4    1   1        11111111 1111                             
 2077     0B      4    1   1        11111111 1111                             
 2098     0B      0    1   1        11111111 1111                             
 2099     0B      0    1   1        11111111 1111                             
 2126     0B      4    1   1        11111111 1111                             
 2127     0B      4    1   1        11111111 1111                             
 2148     0B      0    1   1        11111111 1111                             
 2149     0B      4    1   1        11111111 1111                             
 2168     0B      4    1   1        11111111 1111                             
 2169     0B      4    1   1        11111111 1111                             
 2190     0B      4    1   1        11111111 1111                             
 2191     0B      4    1   1        11111111 1111                             
 2222     0B      4    1   1        11111111 1111                             
 2223     0B      4    1   1        11111111 1111                             
 2244     0B      0    1   1        11111111 1111                             
 2245     0B      4    1   1        11111111 1111                             
 2270     0B      0    1   1        11111111 1111                             
 2271     0B      0    1   1        11111111 1111                             
 2292     0B      F    1   1        11111111 1111                             
 2293     0B      F    1   1        11111111 1111                             
 2300     0B      0    1   1        11111111 1111                             
 2301     0B      0    1   1        11111111 1111                             
 2318     0B      F    1   1        11111111 1111                             
 2319     0B      F    1   1        11111111 1111                             
 2326     0B      4    1   1        11111111 1111                             
 2327     0B      4    1   1        11111111 1111                             
 2348     0B      0    1   1        11111111 1111                             
 2349     0B      0    1   1        11111111 1111                             
 2376     0B      0    1   1        11111111 1111                             
 2377     0B      0    1   1        11111111 1111                             
 2398     0B      F    1   1        11111111 1111                             
 2399     0B      F    1   1        11111111 1111                             
 2426     0B      4    1   1        11111111 1111                             
 2427     0B      4    1   1        11111111 1111                             
 2448     0B      0    1   1        11111111 1111                             
 2449     0B      4    1   1        11111111 1111                             
 2498     0B      4    1   1        11111111 1111                             
 2499     0B      4    1   1        11111111 1111                             
 2520     0B      0    1   1        11111111 1111                             
 2521     0B      4    1   1        11111111 1111                             
 2546     0B      0    1   1        11111111 1111                             
 2547     0B      0    1   1        11111111 1111                             
 2568     0B      F    1   1        11111111 1111                             
 2569     0B      F    1   1        11111111 1111                             
 2576     0B      0    1   1        11111111 1111                             
 2577     0B      0    1   1        11111111 1111                             
 2598     0B      F    1   1        11111111 1111                             
 2599     0B      F    1   1        11111111 1111                             
 2606     0B      4    1   1        11111111 1111                             
 2607     0B      4    1   1        11111111 1111                             
 2628     0B      0    1   1        11111111 1111                             
 2629     0B      0    1   1        11111111 1111                             
