Reg 3 = C
1 3 C 1 1 0
Reg 4 = 0
1 4 0 1 1 0
Reg 5 = 8
1 5 8 1 1 0
Reg 3 = C
1 3 C 1 1 0
Reg 4 = 0
1 4 0 1 1 0
Reg 5 = 8
1 5 8 1 1 0
1 3 0 0 1 1
1 4 0 0 1 1
1 5 3 0 1 1
1 6 4 0 1 1
1 7 0 0 1 1
1 8 5 0 1 1
1 9 4 0 1 1
1 A 4 0 1 1
1 B 4 0 1 1
1 C 5 0 1 1
Reg 3 = D
1 3 D 1 1 0
1 3 F 0 1 1
1 4 F 0 1 1
1 5 0 0 1 1
1 6 F 0 1 1
1 7 F 0 1 1
1 8 8 0 1 1
1 9 3 0 1 1
1 A 0 0 1 1
1 B 4 0 1 1
1 C 1 0 1 1
Reg 3 = E
1 3 E 1 1 0
Reg 4 = 0
1 4 0 1 1 0
Reg 5 = 8
1 5 8 1 1 0
1 3 0 0 1 1
1 4 0 0 1 1
1 5 0 0 1 1
1 6 0 0 1 1
1 7 0 0 1 1
1 8 0 0 1 1
1 9 0 0 1 1
1 A 0 0 1 1
1 B 0 0 1 1
1 C 0 0 1 1
Reg 3 = F
1 3 F 1 1 0
1 3 F 0 1 1
1 4 F 0 1 1
1 5 F 0 1 1
1 6 F 0 1 1
1 7 F 0 1 1
1 8 F 0 1 1
1 9 F 0 1 1
1 A F 0 1 1
1 B F 0 1 1
1 C F 0 1 1
Reg 9 = 0
1 9 0 1 1 0
Reg A = 0
1 A 0 1 1 0
Reg B = 0
1 B 0 1 1 0
1 1 A 1 0 1
1 2 B 1 0 1
1 3 F 1 0 1
1 4 F 1 0 1
1 5 F 1 0 1
1 6 F 1 0 1
1 7 F 1 0 1
1 8 F 1 0 1
1 9 F 1 0 1
1 A F 1 0 1
1 B F 1 0 1
1 C F 1 0 1
Reg 9 = 0
1 9 0 1 1 0
Reg A = 0
1 A 0 1 1 0
Reg B = 4
1 B 4 1 1 0
1 1 0 1 0 1
1 2 0 1 0 1
1 3 0 1 0 1
1 4 0 1 0 1
1 5 0 1 0 1
1 6 0 1 0 1
1 7 0 1 0 1
1 8 0 1 0 1
1 9 0 1 0 1
1 A 8 1 0 1
1 B 0 1 0 1
1 C 0 1 0 1
Reg 3 = C
1 3 C 1 1 0
Reg 4 = 0
1 4 0 1 1 0
Reg 5 = 8
1 5 8 1 1 0
Reg 0 = B
1 0 B 1 1 0
Reg 3 = C
1 3 C 1 1 0
Reg 4 = 0
1 4 0 1 1 0
Reg 5 = 8
1 5 8 1 1 0
1 3 0 0 1 1
1 4 0 0 1 1
1 5 3 0 1 1
1 6 4 0 1 1
1 7 0 0 1 1
1 8 5 0 1 1
1 9 4 0 1 1
1 A 4 0 1 1
1 B 4 0 1 1
1 C 5 0 1 1
Reg 3 = D
1 3 D 1 1 0
1 3 F 0 1 1
1 4 F 0 1 1
1 5 0 0 1 1
1 6 F 0 1 1
1 7 F 0 1 1
1 8 8 0 1 1
1 9 3 0 1 1
1 A 0 0 1 1
1 B 4 0 1 1
1 C 1 0 1 1
Reg 3 = E
1 3 E 1 1 0
Reg 4 = 0
1 4 0 1 1 0
Reg 5 = 8
1 5 8 1 1 0
1 3 0 0 1 1
1 4 0 0 1 1
1 5 0 0 1 1
1 6 0 0 1 1
1 7 0 0 1 1
1 8 0 0 1 1
1 9 0 0 1 1
1 A 0 0 1 1
1 B 0 0 1 1
1 C 0 0 1 1
Reg 3 = F
1 3 F 1 1 0
1 3 F 0 1 1
1 4 F 0 1 1
1 5 F 0 1 1
1 6 F 0 1 1
1 7 F 0 1 1
1 8 F 0 1 1
1 9 F 0 1 1
1 A F 0 1 1
1 B F 0 1 1
1 C F 0 1 1
Reg 9 = 0
1 9 0 1 1 0
Reg A = 0
1 A 0 1 1 0
Reg B = 0
1 B 0 1 1 0
1 1 B 1 0 1
1 2 B 1 0 1
1 3 F 1 0 1
1 4 F 1 0 1
1 5 F 1 0 1
1 6 F 1 0 1
1 7 F 1 0 1
1 8 F 1 0 1
1 9 F 1 0 1
1 A F 1 0 1
1 B F 1 0 1
1 C F 1 0 1
Reg 9 = 0
1 9 0 1 1 0
Reg A = 0
1 A 0 1 1 0
Reg B = 4
1 B 4 1 1 0
1 1 0 1 0 1
1 2 0 1 0 1
1 3 0 1 0 1
1 4 0 1 0 1
1 5 0 1 0 1
1 6 0 1 0 1
1 7 0 1 0 1
1 8 0 1 0 1
1 9 0 1 0 1
1 A 8 1 0 1
1 B 0 1 0 1
1 C 0 1 0 1
3 4 F 1 1 0
3 5 0 1 1 0
3 A 4 1 1 1
3 B 9 1 1 1
3 C 6 1 1 1
3 2 7 1 1 0
3 3 0 1 1 0
3 1 F 0 1 1
3 2 7 0 1 1
3 3 4 0 1 1
3 4 0 0 1 1
3 5 4 0 1 1
3 6 F 0 1 1
3 7 4 0 1 1
3 8 8 0 1 1
3 9 4 0 1 1
3 A 1 0 1 1
3 B 4 0 1 1
3 C 9 0 1 1
3 D F 0 1 1
3 E A 0 1 1
3 F F 0 1 1
3 0 7 0 1 1
3 A 0 1 1 0
3 B 0 1 1 0
3 2 B 1 1 1
3 3 B 1 1 1
3 4 F 1 1 1
3 5 F 1 1 1
3 6 0 1 1 1
3 7 F 1 1 1
3 8 F 1 1 1
3 9 8 1 1 1
3 A 3 1 1 1
3 B 0 1 1 1
3 C 4 1 1 1
3 A 0 1 1 0
3 B 0 1 1 0
3 2 0 1 1 1
3 3 0 1 1 1
3 4 0 1 1 1
3 5 0 1 1 1
3 6 3 1 1 1
3 7 C 1 1 1
3 8 0 1 1 1
3 9 5 1 1 1
3 A 4 1 1 1
3 B 4 1 1 1
3 C 4 1 1 1
3 A 0 1 1 0
3 B 0 1 1 0
3 2 B 1 1 1
3 3 B 1 1 1
3 4 F 1 1 1
3 5 F 1 1 1
3 6 0 1 1 1
3 7 F 1 1 1
3 8 F 1 1 1
3 9 8 1 1 1
3 A 3 1 1 1
3 B 0 1 1 1
3 C 4 1 1 1
3 A 0 1 1 0
3 B 0 1 1 0
3 2 0 1 1 1
3 3 0 1 1 1
3 4 0 1 1 1
3 5 0 1 1 1
3 6 3 1 1 1
3 7 C 1 1 1
3 8 0 1 1 1
3 9 5 1 1 1
3 A 4 1 1 1
3 B 4 1 1 1
3 C 4 1 1 1
