3 2 C 1 1 0
3 3 0 1 1 0
3 1 0 1 1 1
3 2 C 1 1 1
3 3 0 1 1 1
3 2 C 1 1 0
3 3 0 1 1 0
3 2 0 1 1 1
3 3 0 1 1 1
3 4 0 1 1 1
3 5 0 1 1 1
3 6 0 1 1 1
3 7 0 1 1 1
3 8 0 1 1 1
3 9 0 1 1 1
3 A 0 1 1 1
3 B 0 1 1 1
3 C 0 1 1 1
3 2 C 1 1 0
3 3 0 1 1 0
3 2 0 1 1 1
3 3 0 1 1 1
3 4 0 1 1 1
3 5 0 1 1 1
3 6 0 1 1 1
3 7 0 1 1 1
3 8 0 1 1 1
3 9 0 1 1 1
3 A 0 1 1 1
3 B 0 1 1 1
3 C 0 1 1 1
3 4 6 1 1 0
3 5 0 1 1 0
3 1 0 1 1 1
3 2 C 1 1 1
3 3 0 1 1 1
3 4 4 1 1 1
3 5 0 1 1 1
3 6 4 1 1 1
3 7 4 1 1 1
3 8 5 1 1 1
3 9 F 1 1 1
3 A 3 1 1 1
3 B 0 1 1 1
3 C 3 1 1 1
3 D 4 1 1 1
3 E 4 1 1 1
3 F 0 1 1 1
3 0 A 1 1 0
3 1 1 1 1 1
3 2 F 1 1 1
3 3 0 1 1 1
3 4 0 1 1 1
3 5 0 1 1 1
3 6 0 1 1 1
3 7 A 1 1 1
3 8 2 1 1 1
3 9 0 1 1 1
3 A F 1 1 1
3 B 1 1 1 1
3 D F 1 1 1
3 4 2 1 1 0
3 5 0 1 1 0
3 1 0 0 1 1
3 2 C 0 1 1
3 3 0 0 1 1
3 4 4 0 1 1
3 5 0 0 1 1
3 6 4 0 1 1
3 7 4 0 1 1
3 8 5 0 1 1
3 9 F 0 1 1
3 A 3 0 1 1
3 B 0 0 1 1
3 C 3 0 1 1
3 D 4 0 1 1
3 E 4 0 1 1
3 F 0 0 1 1
3 0 A 1 1 0
3 A F 0 1 1
3 B 1 0 1 1
3 0 F 0 1 1
3 1 1 0 1 1
3 2 F 0 1 1
3 3 0 0 1 1
3 4 0 0 1 1
3 5 0 0 1 1
3 6 0 0 1 1
3 7 A 0 1 1
3 8 2 0 1 1
3 9 0 0 1 1
3 A F 0 1 1
3 D 1 0 1 1
3 E 0 0 1 1
3 F 0 0 1 1
3 F E 1 1 1
3 4 4 1 1 0
3 5 0 1 1 0
3 4 D 1 1 0
3 5 0 1 1 0
3 1 0 1 1 1
3 2 4 1 1 1
3 4 D 1 1 0
3 5 0 1 1 0
3 5 0 0 1 1
3 6 4 0 1 1
3 4 D 1 1 0
3 5 0 1 1 0
3 9 0 0 1 1
3 A 4 0 1 1
3 4 D 1 1 0
3 5 0 1 1 0
3 D 0 0 1 1
3 E 4 0 1 1
3 4 E 1 1 0
3 5 0 1 1 0
3 1 0 0 1 1
3 2 4 0 1 1
3 4 E 1 1 0
3 5 0 1 1 0
3 5 0 0 1 1
3 6 4 0 1 1
3 4 E 1 1 0
3 5 0 1 1 0
3 9 0 0 1 1
3 A 4 0 1 1
3 4 E 1 1 0
3 5 0 1 1 0
3 D 0 0 1 1
3 E 4 0 1 1
3 4 F 1 1 0
3 5 0 1 1 0
3 1 0 0 1 1
3 2 4 0 1 1
3 4 F 1 1 0
3 5 0 1 1 0
3 5 0 0 1 1
3 6 4 0 1 1
3 4 F 1 1 0
3 5 0 1 1 0
3 9 0 0 1 1
3 A 4 0 1 1
3 4 F 1 1 0
3 5 0 1 1 0
3 D 0 0 1 1
3 E 6 0 1 1
3 9 5 1 1 1
3 A 0 1 1 1
3 4 A 1 1 0
3 5 0 1 1 0
3 1 9 0 1 1
3 2 9 0 1 1
3 3 0 0 1 1
3 4 3 0 1 1
3 5 0 0 1 1
3 6 9 0 1 1
3 7 1 0 1 1
3 8 8 0 1 1
3 9 4 0 1 1
3 A 4 0 1 1
3 B 5 0 1 1
3 C 7 0 1 1
3 D 3 0 1 1
3 E 3 0 1 1
3 F 4 0 1 1
3 4 6 1 1 0
3 5 0 1 1 0
3 1 F 1 1 1
3 2 F 1 1 1
3 3 1 1 1 1
3 4 0 1 1 1
3 5 0 1 1 1
3 6 0 1 1 1
3 7 0 1 1 1
3 8 4 1 1 1
3 9 1 1 1 1
3 A F 1 1 1
3 B 1 1 1 1
3 0 9 1 1 0
3 1 9 1 1 1
3 2 9 1 1 1
3 3 0 1 1 1
3 4 3 1 1 1
3 5 0 1 1 1
3 6 9 1 1 1
3 7 1 1 1 1
3 8 8 1 1 1
3 9 4 1 1 1
3 A 4 1 1 1
3 B 5 1 1 1
3 C 7 1 1 1
3 D 3 1 1 1
3 E 3 1 1 1
3 F 4 1 1 1
3 4 9 1 1 0
3 5 0 1 1 0
3 A F 0 1 1
3 B 1 0 1 1
3 F F 0 1 1
3 1 F 0 1 1
3 2 F 0 1 1
3 4 1 1 1 0
3 5 0 1 1 0
3 2 8 1 1 0
3 3 0 1 1 0
3 1 4 0 1 1
3 2 0 0 1 1
3 3 4 0 1 1
3 4 4 0 1 1
3 5 4 0 1 1
3 6 1 0 1 1
3 7 5 0 1 1
3 8 1 0 1 1
3 9 2 0 1 1
3 A 1 0 1 1
3 B 5 0 1 1
3 C 1 0 1 1
3 D 5 0 1 1
3 E 4 0 1 1
3 F 4 0 1 1
3 0 3 0 1 1
3 A 0 1 1 0
3 B 0 1 1 0
3 4 F 1 1 1
3 5 F 1 1 1
3 6 F 1 1 1
3 7 F 1 1 1
3 8 F 1 1 1
3 9 F 1 1 1
3 A F 1 1 1
3 B F 1 1 1
3 C F 1 1 1
3 A 0 1 1 0
3 B 0 1 1 0
3 2 0 1 1 1
3 3 0 1 1 1
3 4 0 1 1 1
3 5 0 1 1 1
3 6 0 1 1 1
3 7 8 1 1 1
3 8 0 1 1 1
3 9 0 1 1 1
3 A 0 1 1 1
3 B 0 1 1 1
3 C 0 1 1 1
1 0 0 1 1 0
1 3 0 1 1 0
1 4 0 1 1 0
1 5 8 1 1 0
1 7 F 1 0 1
1 0 8 1 1 0
1 0 0 1 0 1
1 5 F 1 0 1
1 B F 1 0 1
1 3 0 1 1 0
1 4 0 1 1 0
1 5 9 1 1 0
1 F F 1 0 1
1 3 4 1 1 0
1 4 0 1 1 0
1 5 8 1 1 0
1 3 C 1 1 0
1 3 0 1 0 1
1 4 0 1 0 1
1 5 0 1 0 1
1 6 0 1 0 1
1 7 0 1 0 1
1 8 0 1 0 1
1 9 0 1 0 1
1 A 0 1 0 1
1 B 0 1 0 1
1 C 0 1 0 1
1 3 D 1 1 0
1 3 F 1 0 1
1 4 F 1 0 1
1 5 F 1 0 1
1 6 F 1 0 1
1 7 F 1 0 1
1 8 F 1 0 1
1 9 F 1 0 1
1 A F 1 0 1
1 B F 1 0 1
1 C F 1 0 1
1 3 E 1 1 0
1 3 0 1 0 1
1 4 0 1 0 1
1 5 0 1 0 1
1 6 0 1 0 1
1 7 0 1 0 1
1 8 0 1 0 1
1 9 0 1 0 1
1 A 0 1 0 1
1 B 0 1 0 1
1 C 0 1 0 1
1 3 F 1 1 0
1 3 F 1 0 1
1 4 F 1 0 1
1 5 F 1 0 1
1 6 F 1 0 1
1 7 F 1 0 1
1 8 F 1 0 1
1 9 F 1 0 1
1 A F 1 0 1
1 B F 1 0 1
1 C F 1 0 1
1 3 C 1 1 0
1 4 0 1 1 0
1 5 8 1 1 0
1 3 C 1 1 0
1 4 0 1 1 0
1 5 8 1 1 0
1 3 0 0 1 1
1 4 0 0 1 1
1 5 0 0 1 1
1 6 0 0 1 1
1 7 0 0 1 1
1 8 0 0 1 1
1 9 0 0 1 1
1 A 0 0 1 1
1 B 0 0 1 1
1 C 0 0 1 1
1 3 D 1 1 0
1 3 F 0 1 1
1 4 F 0 1 1
1 5 F 0 1 1
1 6 F 0 1 1
1 7 F 0 1 1
1 8 F 0 1 1
1 9 F 0 1 1
1 A F 0 1 1
1 B F 0 1 1
1 C F 0 1 1
1 3 E 1 1 0
1 4 0 1 1 0
1 5 8 1 1 0
1 3 0 0 1 1
1 4 0 0 1 1
1 5 0 0 1 1
1 6 0 0 1 1
1 7 0 0 1 1
1 8 0 0 1 1
1 9 0 0 1 1
1 A 0 0 1 1
1 B 0 0 1 1
1 C 0 0 1 1
1 3 F 1 1 0
1 3 F 0 1 1
1 4 F 0 1 1
1 5 F 0 1 1
1 6 F 0 1 1
1 7 F 0 1 1
1 8 F 0 1 1
1 9 F 0 1 1
1 A F 0 1 1
1 B F 0 1 1
1 C F 0 1 1
1 9 0 1 1 0
1 A 0 1 1 0
1 B 0 1 1 0
1 3 F 1 0 1
1 4 F 1 0 1
1 5 F 1 0 1
1 6 F 1 0 1
1 7 F 1 0 1
1 8 F 1 0 1
1 9 F 1 0 1
1 A F 1 0 1
1 B F 1 0 1
1 C F 1 0 1
1 9 0 1 1 0
1 A 0 1 1 0
1 B 4 1 1 0
1 1 0 1 0 1
1 2 0 1 0 1
1 3 0 1 0 1
1 4 0 1 0 1
1 5 0 1 0 1
1 6 0 1 0 1
1 7 0 1 0 1
1 8 0 1 0 1
1 9 0 1 0 1
1 A 8 1 0 1
1 B 0 1 0 1
1 C 0 1 0 1
1 3 D 1 1 0
1 4 0 1 1 0
1 5 8 1 1 0
1 3 C 1 1 0
1 3 0 0 1 1
1 4 0 0 1 1
1 5 0 0 1 1
1 6 0 0 1 1
1 7 0 0 1 1
1 8 0 0 1 1
1 9 0 0 1 1
1 A 0 0 1 1
1 B 0 0 1 1
1 C 0 0 1 1
1 3 D 1 1 0
1 3 F 0 1 1
1 4 F 0 1 1
1 5 F 0 1 1
1 6 F 0 1 1
1 7 F 0 1 1
1 8 F 0 1 1
1 9 F 0 1 1
1 A F 0 1 1
1 B F 0 1 1
1 C F 0 1 1
1 3 F 1 0 1
1 4 F 1 0 1
1 5 F 1 0 1
1 6 F 1 0 1
1 7 F 1 0 1
1 8 F 1 0 1
1 9 F 1 0 1
1 A F 1 0 1
1 B F 1 0 1
1 C 1 1 0 1
1 3 C 1 1 0
1 3 0 1 0 1
1 4 0 1 0 1
1 5 0 1 0 1
1 6 0 1 0 1
1 7 0 1 0 1
1 8 0 1 0 1
1 9 0 1 0 1
1 A 0 1 0 1
1 B 0 1 0 1
1 C 5 1 0 1
1 3 C 1 1 0
1 4 0 1 1 0
1 5 8 1 1 0
1 3 C 1 1 0
1 4 0 1 1 0
1 5 8 1 1 0
1 3 0 0 1 1
1 4 0 0 1 1
1 5 0 0 1 1
1 6 0 0 1 1
1 7 0 0 1 1
1 8 0 0 1 1
1 9 0 0 1 1
1 A 0 0 1 1
1 B 0 0 1 1
1 C 5 0 1 1
1 3 D 1 1 0
1 3 F 0 1 1
1 4 F 0 1 1
1 5 F 0 1 1
1 6 F 0 1 1
1 7 F 0 1 1
1 8 F 0 1 1
1 9 F 0 1 1
1 A F 0 1 1
1 B F 0 1 1
1 C 1 0 1 1
1 3 E 1 1 0
1 4 0 1 1 0
1 5 8 1 1 0
1 3 0 0 1 1
1 4 0 0 1 1
1 5 0 0 1 1
1 6 0 0 1 1
1 7 0 0 1 1
1 8 0 0 1 1
1 9 0 0 1 1
1 A 0 0 1 1
1 B 0 0 1 1
1 C 0 0 1 1
1 3 F 1 1 0
1 3 F 0 1 1
1 4 F 0 1 1
1 5 F 0 1 1
1 6 F 0 1 1
1 7 F 0 1 1
1 8 F 0 1 1
1 9 F 0 1 1
1 A F 0 1 1
1 B F 0 1 1
1 C F 0 1 1
1 9 0 1 1 0
1 A 0 1 1 0
1 B 0 1 1 0
1 3 F 1 0 1
1 4 F 1 0 1
1 5 F 1 0 1
1 6 F 1 0 1
1 7 F 1 0 1
1 8 F 1 0 1
1 9 F 1 0 1
1 A F 1 0 1
1 B F 1 0 1
1 C F 1 0 1
1 9 0 1 1 0
1 A 0 1 1 0
1 B 4 1 1 0
1 1 0 1 0 1
1 2 0 1 0 1
1 3 0 1 0 1
1 4 0 1 0 1
1 5 0 1 0 1
1 6 0 1 0 1
1 7 0 1 0 1
1 8 0 1 0 1
1 9 0 1 0 1
1 A 8 1 0 1
1 B 0 1 0 1
1 C 0 1 0 1
1 3 D 1 1 0
1 4 0 1 1 0
1 5 8 1 1 0
1 3 C 1 1 0
1 3 0 0 1 1
1 4 0 0 1 1
1 5 0 0 1 1
1 6 0 0 1 1
1 7 0 0 1 1
1 8 0 0 1 1
1 9 0 0 1 1
1 A 0 0 1 1
1 B 0 0 1 1
1 C 5 0 1 1
1 3 D 1 1 0
1 3 F 0 1 1
1 4 F 0 1 1
1 5 F 0 1 1
1 6 F 0 1 1
1 7 F 0 1 1
1 8 F 0 1 1
1 9 F 0 1 1
1 A F 0 1 1
1 B F 0 1 1
1 C 1 0 1 1
1 3 F 1 0 1
1 4 F 1 0 1
1 5 F 1 0 1
1 6 F 1 0 1
1 7 F 1 0 1
1 8 F 1 0 1
1 9 F 1 0 1
1 A F 1 0 1
1 B 4 1 0 1
1 C 1 1 0 1
1 3 C 1 1 0
1 3 0 1 0 1
1 4 0 1 0 1
1 5 0 1 0 1
1 6 0 1 0 1
1 7 0 1 0 1
1 8 0 1 0 1
1 9 0 1 0 1
1 A 0 1 0 1
1 B 4 1 0 1
1 C 5 1 0 1
1 3 C 1 1 0
1 4 0 1 1 0
1 5 8 1 1 0
1 3 C 1 1 0
1 4 0 1 1 0
1 5 8 1 1 0
1 3 0 0 1 1
1 4 0 0 1 1
1 5 0 0 1 1
1 6 0 0 1 1
1 7 0 0 1 1
1 8 0 0 1 1
1 9 0 0 1 1
1 A 0 0 1 1
1 B 4 0 1 1
1 C 5 0 1 1
1 3 D 1 1 0
1 3 F 0 1 1
1 4 F 0 1 1
1 5 F 0 1 1
1 6 F 0 1 1
1 7 F 0 1 1
1 8 F 0 1 1
1 9 F 0 1 1
1 A F 0 1 1
1 B 4 0 1 1
1 C 1 0 1 1
1 3 E 1 1 0
1 4 0 1 1 0
1 5 8 1 1 0
1 3 0 0 1 1
1 4 0 0 1 1
1 5 0 0 1 1
1 6 0 0 1 1
1 7 0 0 1 1
1 8 0 0 1 1
1 9 0 0 1 1
1 A 0 0 1 1
1 B 0 0 1 1
1 C 0 0 1 1
1 3 F 1 1 0
1 3 F 0 1 1
1 4 F 0 1 1
1 5 F 0 1 1
1 6 F 0 1 1
1 7 F 0 1 1
1 8 F 0 1 1
1 9 F 0 1 1
1 A F 0 1 1
1 B F 0 1 1
1 C F 0 1 1
1 9 0 1 1 0
1 A 0 1 1 0
1 B 0 1 1 0
1 3 F 1 0 1
1 4 F 1 0 1
1 5 F 1 0 1
1 6 F 1 0 1
1 7 F 1 0 1
1 8 F 1 0 1
1 9 F 1 0 1
1 A F 1 0 1
1 B F 1 0 1
1 C F 1 0 1
1 9 0 1 1 0
1 A 0 1 1 0
1 B 4 1 1 0
1 1 0 1 0 1
1 2 0 1 0 1
1 3 0 1 0 1
1 4 0 1 0 1
1 5 0 1 0 1
1 6 0 1 0 1
1 7 0 1 0 1
1 8 0 1 0 1
1 9 0 1 0 1
1 A 8 1 0 1
1 B 0 1 0 1
1 C 0 1 0 1
1 3 D 1 1 0
1 4 0 1 1 0
1 5 8 1 1 0
1 3 C 1 1 0
1 3 0 0 1 1
1 4 0 0 1 1
1 5 0 0 1 1
1 6 0 0 1 1
1 7 0 0 1 1
1 8 0 0 1 1
1 9 0 0 1 1
1 A 0 0 1 1
1 B 4 0 1 1
1 C 5 0 1 1
1 3 D 1 1 0
1 3 F 0 1 1
1 4 F 0 1 1
1 5 F 0 1 1
1 6 F 0 1 1
1 7 F 0 1 1
1 8 F 0 1 1
1 9 F 0 1 1
1 A F 0 1 1
1 B 4 0 1 1
1 C 1 0 1 1
1 3 F 1 0 1
1 4 F 1 0 1
1 5 F 1 0 1
1 6 F 1 0 1
1 7 F 1 0 1
1 8 F 1 0 1
1 9 F 1 0 1
1 A 0 1 0 1
1 B 4 1 0 1
1 C 1 1 0 1
1 3 C 1 1 0
1 3 0 1 0 1
1 4 0 1 0 1
1 5 0 1 0 1
1 6 0 1 0 1
1 7 0 1 0 1
1 8 0 1 0 1
1 9 0 1 0 1
1 A 4 1 0 1
1 B 4 1 0 1
1 C 5 1 0 1
1 3 C 1 1 0
1 4 0 1 1 0
1 5 8 1 1 0
1 3 C 1 1 0
1 4 0 1 1 0
1 5 8 1 1 0
1 3 0 0 1 1
1 4 0 0 1 1
1 5 0 0 1 1
1 6 0 0 1 1
1 7 0 0 1 1
1 8 0 0 1 1
1 9 0 0 1 1
1 A 4 0 1 1
1 B 4 0 1 1
1 C 5 0 1 1
1 3 D 1 1 0
1 3 F 0 1 1
1 4 F 0 1 1
1 5 F 0 1 1
1 6 F 0 1 1
1 7 F 0 1 1
1 8 F 0 1 1
1 9 F 0 1 1
1 A 0 0 1 1
1 B 4 0 1 1
1 C 1 0 1 1
1 3 E 1 1 0
1 4 0 1 1 0
1 5 8 1 1 0
1 3 0 0 1 1
1 4 0 0 1 1
1 5 0 0 1 1
1 6 0 0 1 1
1 7 0 0 1 1
1 8 0 0 1 1
1 9 0 0 1 1
1 A 0 0 1 1
1 B 0 0 1 1
1 C 0 0 1 1
1 3 F 1 1 0
1 3 F 0 1 1
1 4 F 0 1 1
1 5 F 0 1 1
1 6 F 0 1 1
1 7 F 0 1 1
1 8 F 0 1 1
1 9 F 0 1 1
1 A F 0 1 1
1 B F 0 1 1
1 C F 0 1 1
1 9 0 1 1 0
1 A 0 1 1 0
1 B 0 1 1 0
1 3 F 1 0 1
1 4 F 1 0 1
1 5 F 1 0 1
1 6 F 1 0 1
1 7 F 1 0 1
1 8 F 1 0 1
1 9 F 1 0 1
1 A F 1 0 1
1 B F 1 0 1
1 C F 1 0 1
1 9 0 1 1 0
1 A 0 1 1 0
1 B 4 1 1 0
1 1 0 1 0 1
1 2 0 1 0 1
1 3 0 1 0 1
1 4 0 1 0 1
1 5 0 1 0 1
1 6 0 1 0 1
1 7 0 1 0 1
1 8 0 1 0 1
1 9 0 1 0 1
1 A 8 1 0 1
1 B 0 1 0 1
1 C 0 1 0 1
1 3 D 1 1 0
1 4 0 1 1 0
1 5 8 1 1 0
1 3 C 1 1 0
1 3 0 0 1 1
1 4 0 0 1 1
1 5 0 0 1 1
1 6 0 0 1 1
1 7 0 0 1 1
1 8 0 0 1 1
1 9 0 0 1 1
1 A 4 0 1 1
1 B 4 0 1 1
1 C 5 0 1 1
1 3 D 1 1 0
1 3 F 0 1 1
1 4 F 0 1 1
1 5 F 0 1 1
1 6 F 0 1 1
1 7 F 0 1 1
1 8 F 0 1 1
1 9 F 0 1 1
1 A 0 0 1 1
1 B 4 0 1 1
1 C 1 0 1 1
1 3 F 1 0 1
1 4 F 1 0 1
1 5 F 1 0 1
1 6 F 1 0 1
1 7 F 1 0 1
1 8 F 1 0 1
1 9 3 1 0 1
1 A 0 1 0 1
1 B 4 1 0 1
1 C 1 1 0 1
1 3 C 1 1 0
1 3 0 1 0 1
1 4 0 1 0 1
1 5 0 1 0 1
1 6 0 1 0 1
1 7 0 1 0 1
1 8 0 1 0 1
1 9 4 1 0 1
1 A 4 1 0 1
1 B 4 1 0 1
1 C 5 1 0 1
1 3 C 1 1 0
1 4 0 1 1 0
1 5 8 1 1 0
1 3 C 1 1 0
1 4 0 1 1 0
1 5 8 1 1 0
1 3 0 0 1 1
1 4 0 0 1 1
1 5 0 0 1 1
1 6 0 0 1 1
1 7 0 0 1 1
1 8 0 0 1 1
1 9 4 0 1 1
1 A 4 0 1 1
1 B 4 0 1 1
1 C 5 0 1 1
1 3 D 1 1 0
1 3 F 0 1 1
1 4 F 0 1 1
1 5 F 0 1 1
1 6 F 0 1 1
1 7 F 0 1 1
1 8 F 0 1 1
1 9 3 0 1 1
1 A 0 0 1 1
1 B 4 0 1 1
1 C 1 0 1 1
1 3 E 1 1 0
1 4 0 1 1 0
1 5 8 1 1 0
1 3 0 0 1 1
1 4 0 0 1 1
1 5 0 0 1 1
1 6 0 0 1 1
1 7 0 0 1 1
1 8 0 0 1 1
1 9 0 0 1 1
1 A 0 0 1 1
1 B 0 0 1 1
1 C 0 0 1 1
1 3 F 1 1 0
1 3 F 0 1 1
1 4 F 0 1 1
1 5 F 0 1 1
1 6 F 0 1 1
1 7 F 0 1 1
1 8 F 0 1 1
1 9 F 0 1 1
1 A F 0 1 1
1 B F 0 1 1
1 C F 0 1 1
1 9 0 1 1 0
1 A 0 1 1 0
1 B 0 1 1 0
1 3 F 1 0 1
1 4 F 1 0 1
1 5 F 1 0 1
1 6 F 1 0 1
1 7 F 1 0 1
1 8 F 1 0 1
1 9 F 1 0 1
1 A F 1 0 1
1 B F 1 0 1
1 C F 1 0 1
1 9 0 1 1 0
1 A 0 1 1 0
1 B 4 1 1 0
1 1 0 1 0 1
1 2 0 1 0 1
1 3 0 1 0 1
1 4 0 1 0 1
1 5 0 1 0 1
1 6 0 1 0 1
1 7 0 1 0 1
1 8 0 1 0 1
1 9 0 1 0 1
1 A 8 1 0 1
1 B 0 1 0 1
1 C 0 1 0 1
1 3 D 1 1 0
1 4 0 1 1 0
1 5 8 1 1 0
1 3 C 1 1 0
1 3 0 0 1 1
1 4 0 0 1 1
1 5 0 0 1 1
1 6 0 0 1 1
1 7 0 0 1 1
1 8 0 0 1 1
1 9 4 0 1 1
1 A 4 0 1 1
1 B 4 0 1 1
1 C 5 0 1 1
1 3 D 1 1 0
1 3 F 0 1 1
1 4 F 0 1 1
1 5 F 0 1 1
1 6 F 0 1 1
1 7 F 0 1 1
1 8 F 0 1 1
1 9 3 0 1 1
1 A 0 0 1 1
1 B 4 0 1 1
1 C 1 0 1 1
1 3 F 1 0 1
1 4 F 1 0 1
1 5 F 1 0 1
1 6 F 1 0 1
1 7 F 1 0 1
1 8 8 1 0 1
1 9 3 1 0 1
1 A 0 1 0 1
1 B 4 1 0 1
1 C 1 1 0 1
1 3 C 1 1 0
1 3 0 1 0 1
1 4 0 1 0 1
1 5 0 1 0 1
1 6 0 1 0 1
1 7 0 1 0 1
1 8 5 1 0 1
1 9 4 1 0 1
1 A 4 1 0 1
1 B 4 1 0 1
1 C 5 1 0 1
1 3 C 1 1 0
1 4 0 1 1 0
1 5 8 1 1 0
1 3 C 1 1 0
1 4 0 1 1 0
1 5 8 1 1 0
1 3 0 0 1 1
1 4 0 0 1 1
1 5 0 0 1 1
1 6 0 0 1 1
1 7 0 0 1 1
1 8 5 0 1 1
1 9 4 0 1 1
1 A 4 0 1 1
1 B 4 0 1 1
1 C 5 0 1 1
1 3 D 1 1 0
1 3 F 0 1 1
1 4 F 0 1 1
1 5 F 0 1 1
1 6 F 0 1 1
1 7 F 0 1 1
1 8 8 0 1 1
1 9 3 0 1 1
1 A 0 0 1 1
1 B 4 0 1 1
1 C 1 0 1 1
1 3 E 1 1 0
1 4 0 1 1 0
1 5 8 1 1 0
1 3 0 0 1 1
1 4 0 0 1 1
1 5 0 0 1 1
1 6 0 0 1 1
1 7 0 0 1 1
1 8 0 0 1 1
1 9 0 0 1 1
1 A 0 0 1 1
1 B 0 0 1 1
1 C 0 0 1 1
1 3 F 1 1 0
1 3 F 0 1 1
1 4 F 0 1 1
1 5 F 0 1 1
1 6 F 0 1 1
1 7 F 0 1 1
1 8 F 0 1 1
1 9 F 0 1 1
1 A F 0 1 1
1 B F 0 1 1
1 C F 0 1 1
1 9 0 1 1 0
1 A 0 1 1 0
1 B 0 1 1 0
1 3 F 1 0 1
1 4 F 1 0 1
1 5 F 1 0 1
1 6 F 1 0 1
1 7 F 1 0 1
1 8 F 1 0 1
1 9 F 1 0 1
1 A F 1 0 1
1 B F 1 0 1
1 C F 1 0 1
1 9 0 1 1 0
1 A 0 1 1 0
1 B 4 1 1 0
1 1 0 1 0 1
1 2 0 1 0 1
1 3 0 1 0 1
1 4 0 1 0 1
1 5 0 1 0 1
1 6 0 1 0 1
1 7 0 1 0 1
1 8 0 1 0 1
1 9 0 1 0 1
1 A 8 1 0 1
1 B 0 1 0 1
1 C 0 1 0 1
1 3 D 1 1 0
1 4 0 1 1 0
1 5 8 1 1 0
1 3 C 1 1 0
1 3 0 0 1 1
1 4 0 0 1 1
1 5 0 0 1 1
1 6 0 0 1 1
1 7 0 0 1 1
1 8 5 0 1 1
1 9 4 0 1 1
1 A 4 0 1 1
1 B 4 0 1 1
1 C 5 0 1 1
1 3 D 1 1 0
1 3 F 0 1 1
1 4 F 0 1 1
1 5 F 0 1 1
1 6 F 0 1 1
1 7 F 0 1 1
1 8 8 0 1 1
1 9 3 0 1 1
1 A 0 0 1 1
1 B 4 0 1 1
1 C 1 0 1 1
1 3 F 1 0 1
1 4 F 1 0 1
1 5 F 1 0 1
1 6 F 1 0 1
1 7 F 1 0 1
1 8 8 1 0 1
1 9 3 1 0 1
1 A 0 1 0 1
1 B 4 1 0 1
1 C 1 1 0 1
1 3 C 1 1 0
1 3 0 1 0 1
1 4 0 1 0 1
1 5 0 1 0 1
1 6 0 1 0 1
1 7 0 1 0 1
1 8 5 1 0 1
1 9 4 1 0 1
1 A 4 1 0 1
1 B 4 1 0 1
1 C 5 1 0 1
1 3 C 1 1 0
1 4 0 1 1 0
1 5 8 1 1 0
1 3 C 1 1 0
1 4 0 1 1 0
1 5 8 1 1 0
1 3 0 0 1 1
1 4 0 0 1 1
1 5 0 0 1 1
1 6 0 0 1 1
1 7 0 0 1 1
1 8 5 0 1 1
1 9 4 0 1 1
1 A 4 0 1 1
1 B 4 0 1 1
1 C 5 0 1 1
1 3 D 1 1 0
1 3 F 0 1 1
1 4 F 0 1 1
1 5 F 0 1 1
1 6 F 0 1 1
1 7 F 0 1 1
1 8 8 0 1 1
1 9 3 0 1 1
1 A 0 0 1 1
1 B 4 0 1 1
1 C 1 0 1 1
1 3 E 1 1 0
1 4 0 1 1 0
1 5 8 1 1 0
1 3 0 0 1 1
1 4 0 0 1 1
1 5 0 0 1 1
1 6 0 0 1 1
1 7 0 0 1 1
1 8 0 0 1 1
1 9 0 0 1 1
1 A 0 0 1 1
1 B 0 0 1 1
1 C 0 0 1 1
1 3 F 1 1 0
1 3 F 0 1 1
1 4 F 0 1 1
1 5 F 0 1 1
1 6 F 0 1 1
1 7 F 0 1 1
1 8 F 0 1 1
1 9 F 0 1 1
1 A F 0 1 1
1 B F 0 1 1
1 C F 0 1 1
1 9 0 1 1 0
1 A 0 1 1 0
1 B 0 1 1 0
1 3 F 1 0 1
1 4 F 1 0 1
1 5 F 1 0 1
1 6 F 1 0 1
1 7 F 1 0 1
1 8 F 1 0 1
1 9 F 1 0 1
1 A F 1 0 1
1 B F 1 0 1
1 C F 1 0 1
1 9 0 1 1 0
1 A 0 1 1 0
1 B 4 1 1 0
1 1 0 1 0 1
1 2 0 1 0 1
1 3 0 1 0 1
1 4 0 1 0 1
1 5 0 1 0 1
1 6 0 1 0 1
1 7 0 1 0 1
1 8 0 1 0 1
1 9 0 1 0 1
1 A 8 1 0 1
1 B 0 1 0 1
1 C 0 1 0 1
1 3 D 1 1 0
1 4 0 1 1 0
1 5 8 1 1 0
1 3 C 1 1 0
1 3 0 0 1 1
1 4 0 0 1 1
1 5 0 0 1 1
1 6 0 0 1 1
1 7 0 0 1 1
1 8 5 0 1 1
1 9 4 0 1 1
1 A 4 0 1 1
1 B 4 0 1 1
1 C 5 0 1 1
1 3 D 1 1 0
1 3 F 0 1 1
1 4 F 0 1 1
1 5 F 0 1 1
1 6 F 0 1 1
1 7 F 0 1 1
1 8 8 0 1 1
1 9 3 0 1 1
1 A 0 0 1 1
1 B 4 0 1 1
1 C 1 0 1 1
1 3 F 1 0 1
1 4 F 1 0 1
1 5 F 1 0 1
1 6 F 1 0 1
1 7 F 1 0 1
1 8 8 1 0 1
1 9 3 1 0 1
1 A 0 1 0 1
1 B 4 1 0 1
1 C 1 1 0 1
1 3 C 1 1 0
1 3 0 1 0 1
1 4 0 1 0 1
1 5 0 1 0 1
1 6 4 1 0 1
1 7 0 1 0 1
1 8 5 1 0 1
1 9 4 1 0 1
1 A 4 1 0 1
1 B 4 1 0 1
1 C 5 1 0 1
1 3 C 1 1 0
1 4 0 1 1 0
1 5 8 1 1 0
1 3 C 1 1 0
1 4 0 1 1 0
1 5 8 1 1 0
1 3 0 0 1 1
1 4 0 0 1 1
1 5 0 0 1 1
1 6 4 0 1 1
1 7 0 0 1 1
1 8 5 0 1 1
1 9 4 0 1 1
1 A 4 0 1 1
1 B 4 0 1 1
1 C 5 0 1 1
1 3 D 1 1 0
1 3 F 0 1 1
1 4 F 0 1 1
1 5 F 0 1 1
1 6 F 0 1 1
1 7 F 0 1 1
1 8 8 0 1 1
1 9 3 0 1 1
1 A 0 0 1 1
1 B 4 0 1 1
1 C 1 0 1 1
1 3 E 1 1 0
1 4 0 1 1 0
1 5 8 1 1 0
1 3 0 0 1 1
1 4 0 0 1 1
1 5 0 0 1 1
1 6 0 0 1 1
1 7 0 0 1 1
1 8 0 0 1 1
1 9 0 0 1 1
1 A 0 0 1 1
1 B 0 0 1 1
1 C 0 0 1 1
1 3 F 1 1 0
1 3 F 0 1 1
1 4 F 0 1 1
1 5 F 0 1 1
1 6 F 0 1 1
1 7 F 0 1 1
1 8 F 0 1 1
1 9 F 0 1 1
1 A F 0 1 1
1 B F 0 1 1
1 C F 0 1 1
1 9 0 1 1 0
1 A 0 1 1 0
1 B 0 1 1 0
1 3 F 1 0 1
1 4 F 1 0 1
1 5 F 1 0 1
1 6 F 1 0 1
1 7 F 1 0 1
1 8 F 1 0 1
1 9 F 1 0 1
1 A F 1 0 1
1 B F 1 0 1
1 C F 1 0 1
1 9 0 1 1 0
1 A 0 1 1 0
1 B 4 1 1 0
1 1 0 1 0 1
1 2 0 1 0 1
1 3 0 1 0 1
1 4 0 1 0 1
1 5 0 1 0 1
1 6 0 1 0 1
1 7 0 1 0 1
1 8 0 1 0 1
1 9 0 1 0 1
1 A 8 1 0 1
1 B 0 1 0 1
1 C 0 1 0 1
1 3 D 1 1 0
1 4 0 1 1 0
1 5 8 1 1 0
1 3 C 1 1 0
1 3 0 0 1 1
1 4 0 0 1 1
1 5 0 0 1 1
1 6 4 0 1 1
1 7 0 0 1 1
1 8 5 0 1 1
1 9 4 0 1 1
1 A 4 0 1 1
1 B 4 0 1 1
1 C 5 0 1 1
1 3 D 1 1 0
1 3 F 0 1 1
1 4 F 0 1 1
1 5 F 0 1 1
1 6 F 0 1 1
1 7 F 0 1 1
1 8 8 0 1 1
1 9 3 0 1 1
1 A 0 0 1 1
1 B 4 0 1 1
1 C 1 0 1 1
1 3 F 1 0 1
1 4 F 1 0 1
1 5 0 1 0 1
1 6 F 1 0 1
1 7 F 1 0 1
1 8 8 1 0 1
1 9 3 1 0 1
1 A 0 1 0 1
1 B 4 1 0 1
1 C 1 1 0 1
1 3 C 1 1 0
1 3 0 1 0 1
1 4 0 1 0 1
1 5 3 1 0 1
1 6 4 1 0 1
1 7 0 1 0 1
1 8 5 1 0 1
1 9 4 1 0 1
1 A 4 1 0 1
1 B 4 1 0 1
1 C 5 1 0 1
1 3 C 1 1 0
1 4 0 1 1 0
1 5 8 1 1 0
1 3 C 1 1 0
1 4 0 1 1 0
1 5 8 1 1 0
1 3 0 0 1 1
1 4 0 0 1 1
1 5 3 0 1 1
1 6 4 0 1 1
1 7 0 0 1 1
1 8 5 0 1 1
1 9 4 0 1 1
1 A 4 0 1 1
1 B 4 0 1 1
1 C 5 0 1 1
1 3 D 1 1 0
1 3 F 0 1 1
1 4 F 0 1 1
1 5 0 0 1 1
1 6 F 0 1 1
1 7 F 0 1 1
1 8 8 0 1 1
1 9 3 0 1 1
1 A 0 0 1 1
1 B 4 0 1 1
1 C 1 0 1 1
1 3 E 1 1 0
1 4 0 1 1 0
1 5 8 1 1 0
1 3 0 0 1 1
1 4 0 0 1 1
1 5 0 0 1 1
1 6 0 0 1 1
1 7 0 0 1 1
1 8 0 0 1 1
1 9 0 0 1 1
1 A 0 0 1 1
1 B 0 0 1 1
1 C 0 0 1 1
1 3 F 1 1 0
1 3 F 0 1 1
1 4 F 0 1 1
1 5 F 0 1 1
1 6 F 0 1 1
1 7 F 0 1 1
1 8 F 0 1 1
1 9 F 0 1 1
1 A F 0 1 1
1 B F 0 1 1
1 C F 0 1 1
1 9 0 1 1 0
1 A 0 1 1 0
1 B 0 1 1 0
1 3 F 1 0 1
1 4 F 1 0 1
1 5 F 1 0 1
1 6 F 1 0 1
1 7 F 1 0 1
1 8 F 1 0 1
1 9 F 1 0 1
1 A F 1 0 1
1 B F 1 0 1
1 C F 1 0 1
1 9 0 1 1 0
1 A 0 1 1 0
1 B 4 1 1 0
1 1 0 1 0 1
1 2 0 1 0 1
1 3 0 1 0 1
1 4 0 1 0 1
1 5 0 1 0 1
1 6 0 1 0 1
1 7 0 1 0 1
1 8 0 1 0 1
1 9 0 1 0 1
1 A 8 1 0 1
1 B 0 1 0 1
1 C 0 1 0 1
1 3 D 1 1 0
1 4 0 1 1 0
1 5 8 1 1 0
1 3 E 1 1 0
1 3 0 0 1 1
1 4 0 0 1 1
1 5 0 0 1 1
1 6 0 0 1 1
1 7 0 0 1 1
1 8 0 0 1 1
1 9 0 0 1 1
1 A 0 0 1 1
1 B 0 0 1 1
1 C 0 0 1 1
1 3 F 1 1 0
1 3 F 0 1 1
1 4 F 0 1 1
1 5 F 0 1 1
1 6 F 0 1 1
1 7 F 0 1 1
1 8 F 0 1 1
1 9 F 0 1 1
1 A F 0 1 1
1 B F 0 1 1
1 C F 0 1 1
1 3 D 1 1 0
1 4 0 1 1 0
1 5 8 1 1 0
1 3 C 1 1 0
1 3 0 0 1 1
1 4 0 0 1 1
1 5 3 0 1 1
1 6 4 0 1 1
1 7 0 0 1 1
1 8 5 0 1 1
1 9 4 0 1 1
1 A 4 0 1 1
1 B 4 0 1 1
1 C 5 0 1 1
1 3 D 1 1 0
1 3 F 0 1 1
1 4 F 0 1 1
1 5 0 0 1 1
1 6 F 0 1 1
1 7 F 0 1 1
1 8 8 0 1 1
1 9 3 0 1 1
1 A 0 0 1 1
1 B 4 0 1 1
1 C 1 0 1 1
1 3 E 1 1 0
1 4 0 1 1 0
1 5 8 1 1 0
1 0 B 1 1 0
1 0 0 1 0 1
1 1 8 1 0 1
1 2 6 1 0 1
1 3 1 1 0 1
1 3 C 1 1 0
1 4 0 1 1 0
1 5 8 1 1 0
1 0 B 1 1 0
1 3 C 1 1 0
1 4 0 1 1 0
1 5 8 1 1 0
1 3 0 0 1 1
1 4 0 0 1 1
1 5 3 0 1 1
1 6 4 0 1 1
1 7 0 0 1 1
1 8 5 0 1 1
1 9 4 0 1 1
1 A 4 0 1 1
1 B 4 0 1 1
1 C 5 0 1 1
1 3 D 1 1 0
1 3 F 0 1 1
1 4 F 0 1 1
1 5 0 0 1 1
1 6 F 0 1 1
1 7 F 0 1 1
1 8 8 0 1 1
1 9 3 0 1 1
1 A 0 0 1 1
1 B 4 0 1 1
1 C 1 0 1 1
1 3 E 1 1 0
1 4 0 1 1 0
1 5 8 1 1 0
1 3 0 0 1 1
1 4 0 0 1 1
1 5 0 0 1 1
1 6 0 0 1 1
1 7 0 0 1 1
1 8 0 0 1 1
1 9 0 0 1 1
1 A 0 0 1 1
1 B 0 0 1 1
1 C 0 0 1 1
1 3 F 1 1 0
1 3 F 0 1 1
1 4 F 0 1 1
1 5 F 0 1 1
1 6 F 0 1 1
1 7 F 0 1 1
1 8 F 0 1 1
1 9 F 0 1 1
1 A F 0 1 1
1 B F 0 1 1
1 C F 0 1 1
1 9 0 1 1 0
1 A 0 1 1 0
1 B 0 1 1 0
1 1 B 1 0 1
1 2 B 1 0 1
1 3 F 1 0 1
1 4 F 1 0 1
1 5 F 1 0 1
1 6 F 1 0 1
1 7 F 1 0 1
1 8 F 1 0 1
1 9 F 1 0 1
1 A F 1 0 1
1 B F 1 0 1
1 C F 1 0 1
1 9 0 1 1 0
1 A 0 1 1 0
1 B 4 1 1 0
1 1 0 1 0 1
1 2 0 1 0 1
1 3 0 1 0 1
1 4 0 1 0 1
1 5 0 1 0 1
1 6 0 1 0 1
1 7 0 1 0 1
1 8 0 1 0 1
1 9 0 1 0 1
1 A 8 1 0 1
1 B 0 1 0 1
1 C 0 1 0 1
3 A 0 1 1 0
3 B 0 1 1 0
3 4 F 1 1 1
3 5 F 1 1 1
3 6 F 1 1 1
3 7 F 1 1 1
3 8 F 1 1 1
3 9 F 1 1 1
3 A F 1 1 1
3 B F 1 1 1
3 C F 1 1 1
3 A 0 1 1 0
3 B 0 1 1 0
3 2 0 1 1 1
3 3 0 1 1 1
3 4 0 1 1 1
3 5 0 1 1 1
3 6 0 1 1 1
3 7 8 1 1 1
3 8 0 1 1 1
3 9 0 1 1 1
3 A 0 1 1 1
3 B 0 1 1 1
3 C 0 1 1 1
3 A 0 1 1 0
3 B 0 1 1 0
3 4 F 1 1 1
3 5 F 1 1 1
3 6 F 1 1 1
3 7 F 1 1 1
3 8 F 1 1 1
3 9 F 1 1 1
3 A F 1 1 1
3 B F 1 1 1
3 C 4 1 1 1
3 A 0 1 1 0
3 B 0 1 1 0
3 2 0 1 1 1
3 3 0 1 1 1
3 4 0 1 1 1
3 5 0 1 1 1
3 6 0 1 1 1
3 7 8 1 1 1
3 8 0 1 1 1
3 9 0 1 1 1
3 A 0 1 1 1
3 B 0 1 1 1
3 C 4 1 1 1
3 A 0 1 1 0
3 B 0 1 1 0
3 4 F 1 1 1
3 5 F 1 1 1
3 6 F 1 1 1
3 7 F 1 1 1
3 8 F 1 1 1
3 9 F 1 1 1
3 A F 1 1 1
3 B 0 1 1 1
3 C 4 1 1 1
3 A 0 1 1 0
3 B 0 1 1 0
3 2 0 1 1 1
3 3 0 1 1 1
3 4 0 1 1 1
3 5 0 1 1 1
3 6 0 1 1 1
3 7 8 1 1 1
3 8 0 1 1 1
3 9 0 1 1 1
3 A 0 1 1 1
3 B 4 1 1 1
3 C 4 1 1 1
3 A 0 1 1 0
3 B 0 1 1 0
3 4 F 1 1 1
3 5 F 1 1 1
3 6 F 1 1 1
3 7 F 1 1 1
3 8 F 1 1 1
3 9 F 1 1 1
3 A 3 1 1 1
3 B 0 1 1 1
3 C 4 1 1 1
3 A 0 1 1 0
3 B 0 1 1 0
3 2 0 1 1 1
3 3 0 1 1 1
3 4 0 1 1 1
3 5 0 1 1 1
3 6 0 1 1 1
3 7 8 1 1 1
3 8 0 1 1 1
3 9 0 1 1 1
3 A 4 1 1 1
3 B 4 1 1 1
3 C 4 1 1 1
3 A 0 1 1 0
3 B 0 1 1 0
3 4 F 1 1 1
3 5 F 1 1 1
3 6 F 1 1 1
3 7 F 1 1 1
3 8 F 1 1 1
3 9 8 1 1 1
3 A 3 1 1 1
3 B 0 1 1 1
3 C 4 1 1 1
3 A 0 1 1 0
3 B 0 1 1 0
3 2 0 1 1 1
3 3 0 1 1 1
3 4 0 1 1 1
3 5 0 1 1 1
3 6 0 1 1 1
3 7 8 1 1 1
3 8 0 1 1 1
3 9 5 1 1 1
3 A 4 1 1 1
3 B 4 1 1 1
3 C 4 1 1 1
3 A 0 1 1 0
3 B 0 1 1 0
3 4 F 1 1 1
3 5 F 1 1 1
3 6 F 1 1 1
3 7 F 1 1 1
3 8 F 1 1 1
3 9 8 1 1 1
3 A 3 1 1 1
3 B 0 1 1 1
3 C 4 1 1 1
3 A 0 1 1 0
3 B 0 1 1 0
3 2 0 1 1 1
3 3 0 1 1 1
3 4 0 1 1 1
3 5 0 1 1 1
3 6 0 1 1 1
3 7 8 1 1 1
3 8 0 1 1 1
3 9 5 1 1 1
3 A 4 1 1 1
3 B 4 1 1 1
3 C 4 1 1 1
3 A 0 1 1 0
3 B 0 1 1 0
3 4 F 1 1 1
3 5 F 1 1 1
3 6 F 1 1 1
3 7 F 1 1 1
3 8 F 1 1 1
3 9 8 1 1 1
3 A 3 1 1 1
3 B 0 1 1 1
3 C 4 1 1 1
3 A 0 1 1 0
3 B 0 1 1 0
3 2 0 1 1 1
3 3 0 1 1 1
3 4 0 1 1 1
3 5 0 1 1 1
3 6 0 1 1 1
3 7 C 1 1 1
3 8 0 1 1 1
3 9 5 1 1 1
3 A 4 1 1 1
3 B 4 1 1 1
3 C 4 1 1 1
3 A 0 1 1 0
3 B 0 1 1 0
3 4 F 1 1 1
3 5 F 1 1 1
3 6 0 1 1 1
3 7 F 1 1 1
3 8 F 1 1 1
3 9 8 1 1 1
3 A 3 1 1 1
3 B 0 1 1 1
3 C 4 1 1 1
3 A 0 1 1 0
3 B 0 1 1 0
3 2 0 1 1 1
3 3 0 1 1 1
3 4 0 1 1 1
3 5 0 1 1 1
3 6 3 1 1 1
3 7 C 1 1 1
3 8 0 1 1 1
3 9 5 1 1 1
3 A 4 1 1 1
3 B 4 1 1 1
3 C 4 1 1 1
3 4 B 1 1 0
3 5 0 1 1 0
3 D 0 0 1 1
3 E 6 0 1 1
3 9 0 0 1 1
3 A 4 0 1 1
3 A 0 1 1 0
3 B 0 1 1 0
3 2 B 1 1 1
3 3 B 1 1 1
3 4 F 1 1 1
3 5 F 1 1 1
3 6 0 1 1 1
3 7 F 1 1 1
3 8 F 1 1 1
3 9 8 1 1 1
3 A 3 1 1 1
3 B 0 1 1 1
3 C 4 1 1 1
3 A 0 1 1 0
3 B 0 1 1 0
3 2 0 1 1 1
3 3 0 1 1 1
3 4 0 1 1 1
3 5 0 1 1 1
3 6 3 1 1 1
3 7 C 1 1 1
3 8 0 1 1 1
3 9 5 1 1 1
3 A 4 1 1 1
3 B 4 1 1 1
3 C 4 1 1 1
