 STATE LISTING OF AQU MEM  
  POS     ADDR DATA OE WE  OP             CE      
 0000 T   0    F    1  1   1        00000000 0000                             
 0001     0    F    1  1   1        00000000 0000                             
 0002     0    F    1  1   1        00000000 0000                             
 0003     0    F    1  1   1        00000000 0000                             
 0004     0    F    1  1   1        00000000 0000                             
 0005     0    F    1  1   1        00000000 0000                             
 0006     0    F    1  1   1        00000000 0000                             
 0007     0    F    1  1   1        00000000 0000                             
 0008     0    F    1  1   1        00000000 0000                             
 0009     0    F    1  1   1        00000000 0000                             
 0010     0    F    1  1   1        00000000 0000                             
 0011     0    F    1  1   1        00000000 0000                             
 0012     0    F    1  1   1        00000000 0000                             
 0013     0    F    1  1   1        00000000 0000                             
 0014     0    F    1  1   1        00000000 0000                             
 0015     0    F    1  1   1        00000000 0000                             
 0016     0    F    1  1   1        00000000 0000                             
 0017     0    F    1  1   1        00000000 0000                             
 0018     0    F    1  1   1        00000000 0000                             
 0019     0    F    1  1   1        00000000 0000                             
 0020     0    F    1  1   1        00000000 0000                             
 0021     0    F    1  1   1        00000000 0000                             
 0022     0    F    1  1   1        00000000 0000                             
 0023     0    F    1  1   1        00000000 0000                             
 0024     0    F    1  1   1        00000000 0000                             
 0025     0    F    1  1   1        00000000 0000                             
 0026     0    F    1  1   1        00000000 0000                             
 0027     0    F    1  1   1        00000000 0000                             
 0028     0    F    1  1   1        00000000 0000                             
 0029     0    F    1  1   1        00000000 0000                             
 0030     0    F    1  1   1        00000000 0000                             
 0031     0    F    1  1   1        00000000 0000                             
 0032     0    F    1  1   1        00000000 0000                             
 0033     0    F    1  1   1        00000000 0000                             
 0034     0    F    1  1   1        00000000 0000                             
 0035     0    F    1  1   1        00000000 0000                             
 0036     0    F    1  1   1        00000000 0000                             
 0037     0    F    1  1   1        00000000 0000                             
 0038     0    F    1  1   1        00000000 0000                             
 0039     0    F    1  1   1        00000000 0000                             
 0040     0    F    1  1   1        00000000 0000                             
 0041     0    F    1  1   1        00000000 0000                             
 0042     0    F    1  1   1        00000000 0000                             
 0043     0    F    1  1   1        00000000 0000                             
 0044     0    F    1  1   1        00000000 0000                             
 0045     0    F    1  1   1        00000000 0000                             
 0046     0    F    1  1   1        00000000 0000                             
 0047     0    F    1  1   1        00000000 0000                             
 0048     0    F    1  1   1        00000000 0000                             
 0049     0    F    1  1   1        00000000 0000                             
 0050     0    F    1  1   1        00000000 0000                             
 0051     0    F    1  1   1        00000000 0000                             
 0052     0    F    1  1   1        00000000 0000                             
 0053     0    F    1  1   1        00000000 0000                             
 0054     0    F    1  1   1        00000000 0000                             
 0055     0    F    1  1   1        00000000 0000                             
 0056     0    F    1  1   1        00000000 0000                             
 0057     0    F    1  1   1        00000000 0000                             
 0058     0    F    1  1   1        00000000 0000                             
 0059     0    F    1  1   1        00000000 0000                             
 0060     0    F    1  1   1        00000000 0000                             
 0061     0    F    1  1   1        00000000 0000                             
 0062     0    F    1  1   1        00000000 0000                             
 0063     0    F    1  1   1        00000000 0000                             
 0064     0    F    1  1   1        00000000 0000                             
 0065     0    F    1  1   1        00000000 0000                             
 0066     0    F    1  1   1        00000000 0000                             
 0067     0    F    1  1   1        00000000 0000                             
 0068     0    F    1  1   1        00000000 0000                             
 0069     0    F    1  1   1        00000000 0000                             
 0070     0    F    1  1   1        00000000 0000                             
 0071     0    F    1  1   1        00000000 0000                             
 0072     0    F    1  1   1        00000000 0000                             
 0073     0    F    1  1   1        00000000 0000                             
 0074     0    F    1  1   1        00000000 0000                             
 0075     0    F    1  1   1        00000000 0000                             
 0076     0    F    1  1   1        00000000 0000                             
 0077     0    F    1  1   1        00000000 0000                             
 0078     0    F    1  1   1        00000000 0000                             
 0079     0    F    1  1   1        00000000 0000                             
 0080     0    F    1  1   1        00000000 0000                             
 0081     0    F    1  1   1        00000000 0000                             
 0082     0    F    1  1   1        00000000 0000                             
 0083     0    F    1  1   1        00000000 0000                             
 0084     0    F    1  1   1        00000000 0000                             
 0085     0    F    1  1   1        00000000 0000                             
 0086     0    F    1  1   1        00000000 0000                             
 0087     0    F    1  1   1        00000000 0000                             
 0088     0    F    1  1   1        00000000 0000                             
 0089     0    F    1  1   1        00000000 0000                             
 0090     0    F    1  1   1        00000000 0000                             
 0091     0    F    1  1   1        00000000 0000                             
 0092     0    F    1  1   1        00000000 0000                             
 0093     0    F    1  1   1        00000000 0000                             
 0094     0    F    1  1   1        00000000 0000                             
 0095     0    F    1  1   1        00000000 0000                             
 0096     0    F    1  1   1        00000000 0000                             
 0097     0    F    1  1   1        00000000 0000                             
 0098     0    F    1  1   1        00000000 0000                             
 0099     0    F    1  1   1        00000000 0000                             
 0100     0    F    1  1   1        00000000 0000                             
 0101     0    F    1  1   1        00000000 0000                             
 0102     0    F    1  1   1        00000000 0000                             
 0103     0    F    1  1   1        00000000 0000                             
 0104     0    F    1  1   1        00000000 0000                             
 0105     0    F    1  1   1        00000000 0000                             
 0106     0    F    1  1   1        00000000 0000                             
 0107     0    F    1  1   1        00000000 0000                             
 0108     0    F    1  1   1        00000000 0000                             
 0109     0    F    1  1   1        00000000 0000                             
 0110     0    F    1  1   1        00000000 0000                             
 0111     0    F    1  1   1        00000000 0000                             
 0112     0    F    1  1   1        00000000 0000                             
 0113     0    F    1  1   1        00000000 0000                             
 0114     0    F    1  1   1        00000000 0000                             
 0115     0    F    1  1   1        00000000 0000                             
 0116     0    F    1  1   1        00000000 0000                             
 0117     0    F    1  1   1        00000000 0000                             
 0118     0    F    1  1   1        00000000 0000                             
 0119     0    F    1  1   1        00000000 0000                             
 0120     0    F    1  1   1        00000000 0000                             
 0121     0    F    1  1   1        00000000 0000                             
 0122     0    F    1  1   1        00000000 0000                             
 0123     0    F    1  1   1        00000000 0000                             
 0124     0    F    1  1   1        00000000 0000                             
 0125     0    F    1  1   1        00000000 0000                             
 0126     0    F    1  1   1        00000000 0000                             
 0127     0    F    1  1   1        00000000 0000                             
 0128     0    F    1  1   1        00000000 0000                             
 0129     0    F    1  1   1        00000000 0000                             
 0130     0    F    1  1   1        00000000 0000                             
 0131     0    F    1  1   1        00000000 0000                             
 0132     0    F    1  1   1        00000000 0000                             
 0133     0    F    1  1   1        00000000 0000                             
 0134     0    F    1  1   1        00000000 0000                             
 0135     0    F    1  1   1        00000000 0000                             
 0136     0    F    1  1   1        00000000 0000                             
 0137     0    F    1  1   1        00000000 0000                             
 0138     0    F    1  1   1        00000000 0000                             
 0139     0    F    1  1   1        00000000 0000                             
 0140     0    F    1  1   1        00000000 0000                             
 0141     0    F    1  1   1        00000000 0000                             
 0142     0    F    1  1   1        00000000 0000                             
 0143     0    F    1  1   1        00000000 0000                             
 0144     0    F    1  1   1        00000000 0000                             
 0145     0    F    1  1   1        00000000 0000                             
 0146     0    F    1  1   1        00000000 0000                             
 0147     0    F    1  1   1        00000000 0000                             
 0148     0    F    1  1   1        00000000 0000                             
 0149     0    F    1  1   1        00000000 0000                             
 0150     0    F    1  1   1        00000000 0000                             
 0151     0    F    1  1   1        00000000 0000                             
 0152     0    F    1  1   1        00000000 0000                             
 0153     0    F    1  1   1        00000000 0000                             
 0154     0    F    1  1   1        00000000 0000                             
 0155     0    F    1  1   1        00000000 0000                             
 0156     0    F    1  1   1        00000000 0000                             
 0157     0    F    1  1   1        00000000 0000                             
 0158     0    F    1  1   1        00000000 0000                             
 0159     0    F    1  1   1        00000000 0000                             
 0160     0    F    1  1   1        00000000 0000                             
 0161     0    F    1  1   1        00000000 0000                             
 0162     0    F    1  1   1        00000000 0000                             
 0163     0    F    1  1   1        00000000 0000                             
 0164     0    F    1  1   1        00000000 0000                             
 0165     0    F    1  1   1        00000000 0000                             
 0166     0    F    1  1   1        00000000 0000                             
 0167     0    F    1  1   1        00000000 0000                             
 0168     0    F    1  1   1        00000000 0000                             
 0169     0    F    1  1   1        00000000 0000                             
 0170     0    F    1  1   1        00000000 0000                             
 0171     0    F    1  1   1        00000000 0000                             
 0172     0    F    1  1   1        00000000 0000                             
 0173     0    F    0  1   1        00000000 0000                             
 0174     0    F    0  1   1        00000000 0000                             
 0175     0    F    0  1   1        00000000 0000                             
 0176     0    F    0  1   1        00000000 0000                             
 0177     0    F    0  1   1        00000000 0000                             
 0178     0    F    0  1   1        00000000 0000                             
 0179     0    F    0  1   1        00000000 0000                             
 0180     0    F    0  1   1        00000000 0000                             
 0181     0    F    0  1   1        00000000 0000                             
 0182     0    F    0  1   1        00000000 0000                             
 0183     0    F    0  1   1        00000000 0000                             
 0184     0    F    0  1   1        00000000 0000                             
 0185     0    F    0  1   1        00000000 0000                             
 0186     0    F    0  1   1        00000000 0000                             
 0187     0    F    0  1   1        00000000 0000                             
 0188     0    F    0  1   1        00000000 0000                             
 0189     0    F    1  1   1        00000000 0000                             
 0190     0    F    1  1   1        00000000 0000                             
 0191     0    F    1  1   1        00000000 0000                             
 0192     0    F    1  1   1        00000000 0000                             
 0193     0    F    1  1   1        00000000 0000                             
 0194     0    F    1  1   1        00000000 0000                             
 0195     0    F    1  1   1        00000000 0000                             
 0196     0    F    1  1   1        00000000 0000                             
 0197     0    F    1  1   1        00000000 0000                             
 0198     0    F    1  1   1        00000000 0000                             
 0199     0    F    1  1   1        00000000 0000                             
 0200     0    F    1  1   1        00000000 0000                             
 0201     0    F    1  1   1        00000000 0000                             
 0202     0    F    1  1   1        00000000 0000                             
 0203     0    F    1  1   1        00000000 0000                             
 0204     0    F    1  1   1        00000000 0000                             
 0205     0    F    1  1   1        00000000 0000                             
 0206     0    F    1  1   1        00000000 0000                             
 0207     0    F    1  1   1        00000000 0000                             
 0208     0    F    1  1   1        00000000 0000                             
 0209     0    F    1  1   1        00000000 0000                             
 0210     0    F    1  1   1        00000000 0000                             
 0211     0    F    1  1   1        00000000 0000                             
 0212     0    F    1  1   1        00000000 0000                             
 0213     0    F    1  1   1        00000000 0000                             
 0214     0    F    1  1   1        00000000 0000                             
 0215     0    F    1  1   1        00000000 0000                             
 0216     0    F    1  1   1        00000000 0000                             
 0217     0    F    1  1   1        00000000 0000                             
 0218     1    0    1  1   0        00000000 0000                             
 0219     1    0    1  1   0        00000000 0000                             
 0220     2    0    1  1   0        00000000 0000                             
 0221     2    0    1  1   0        00000000 0000                             
 0222     0    F    0  1   1        00000000 0000                             
 0223     0    F    0  1   1        00000000 0000                             
 0224     0    F    0  1   1        00000000 0000                             
 0225     0    F    0  1   1        00000000 0000                             
 0226     0    F    0  1   1        00000000 0000                             
 0227     0    F    0  1   1        00000000 0000                             
 0228     0    F    1  1   1        00000000 0000                             
 0229     0    F    1  1   1        00000000 0000                             
 0230     0    F    1  1   1        00000000 0000                             
 0231     0    F    1  1   1        00000000 0000                             
 0232     0    F    1  1   1        00000000 0000                             
 0233     0    F    1  1   1        00000000 0000                             
 0234     0    F    1  1   1        00000000 0000                             
 0235     0    F    1  1   1        00000000 0000                             
 0236     0    F    1  1   1        00000000 0000                             
 0237     0    F    1  1   1        00000000 0000                             
 0238     0    F    1  1   1        00000000 0000                             
 0239     0    F    1  1   1        00000000 0000                             
 0240     0    F    1  1   1        00000000 0000                             
 0241     0    F    1  1   1        00000000 0000                             
 0242     0    F    1  1   1        00000000 0000                             
 0243     0    F    1  1   1        00000000 0000                             
 0244     0    F    1  1   1        00000000 0000                             
 0245     0    F    1  1   1        00000000 0000                             
 0246     0    F    1  1   1        00000000 0000                             
 0247     0    F    1  1   1        00000000 0000                             
 0248     0    F    1  1   1        00000000 0000                             
 0249     0    F    1  1   1        00000000 0000                             
 0250     0    F    1  1   1        00000000 0000                             
 0251     0    F    1  1   1        00000000 0000                             
 0252     0    F    1  1   1        00000000 0000                             
 0253     0    F    1  1   1        00000000 0000                             
 0254     0    F    1  1   1        00000000 0000                             
 0255     0    F    1  1   1        00000000 0000                             
 0256     0    F    1  1   1        00000000 0000                             
 0257     0    F    1  1   1        00000000 0000                             
 0258     0    F    1  1   1        00000000 0000                             
 0259     0    F    1  1   1        00000000 0000                             
 0260     0    F    1  1   1        00000000 0000                             
 0261     0    F    1  1   1        00000000 0000                             
 0262     0    F    1  1   1        00000000 0000                             
 0263     0    F    1  1   1        00000000 0000                             
 0264     0    F    1  1   1        00000000 0000                             
 0265     0    F    1  1   1        00000000 0000                             
 0266     0    F    1  1   1        00000000 0000                             
 0267     0    F    1  1   1        00000000 0000                             
 0268     0    F    1  1   1        00000000 0000                             
 0269     0    F    1  1   1        00000000 0000                             
 0270     0    F    1  1   1        00000000 0000                             
 0271     0    F    1  1   1        00000000 0000                             
 0272     0    F    1  1   1        00000000 0000                             
 0273     0    F    1  1   1        00000000 0000                             
 0274     0    F    1  1   1        00000000 0000                             
 0275     0    F    1  1   1        00000000 0000                             
 0276     0    F    1  1   1        00000000 0000                             
 0277     0    F    1  1   1        00000000 0000                             
 0278     0    F    1  1   1        00000000 0000                             
 0279     0    F    1  1   1        00000000 0000                             
 0280     0    0    1  1   0        00000000 0000                             
 0281     0    0    1  1   0        00000000 0000                             
 0282     0    F    0  1   1        00000000 0000                             
 0283     0    F    0  1   1        00000000 0000                             
 0284     0    F    0  1   1        00000000 0000                             
 0285     0    F    0  1   1        00000000 0000                             
 0286     0    F    0  1   1        00000000 0000                             
 0287     0    F    0  1   1        00000000 0000                             
 0288     0    F    1  1   1        00000000 0000                             
 0289     0    F    1  1   1        00000000 0000                             
 0290     0    F    1  1   1        00000000 0000                             
 0291     0    F    1  1   1        00000000 0000                             
 0292     0    F    1  1   1        00000000 0000                             
 0293     0    F    1  1   1        00000000 0000                             
 0294     0    F    1  1   1        00000000 0000                             
 0295     0    F    1  1   1        00000000 0000                             
 0296     0    F    1  1   1        00000000 0000                             
 0297     0    F    1  1   1        00000000 0000                             
 0298     0    F    1  1   1        00000000 0000                             
 0299     0    F    1  1   1        00000000 0000                             
 0300     0    F    1  1   1        00000000 0000                             
 0301     0    F    1  1   1        00000000 0000                             
 0302     0    F    1  1   1        00000000 0000                             
 0303     0    F    1  1   1        00000000 0000                             
 0304     0    F    1  1   1        00000000 0000                             
 0305     0    F    1  1   1        00000000 0000                             
 0306     0    F    1  1   1        00000000 0000                             
 0307     0    F    1  1   1        00000000 0000                             
 0308     0    F    1  1   1        00000000 0000                             
 0309     0    F    1  1   1        00000000 0000                             
 0310     0    F    1  1   1        00000000 0000                             
 0311     0    F    1  1   1        00000000 0000                             
 0312     0    F    1  1   1        00000000 0000                             
 0313     0    F    1  1   1        00000000 0000                             
 0314     0    F    1  1   1        00000000 0000                             
 0315     0    F    1  1   1        00000000 0000                             
 0316     0    F    1  1   1        00000000 0000                             
 0317     0    F    1  1   1        00000000 0000                             
 0318     0    F    1  1   1        00000000 0000                             
 0319     0    F    1  1   1        00000000 0000                             
 0320     0    F    1  1   1        00000000 0000                             
 0321     0    F    1  1   1        00000000 0000                             
 0322     0    F    1  1   1        00000000 0000                             
 0323     0    F    1  1   1        00000000 0000                             
 0324     0    F    1  1   1        00000000 0000                             
 0325     0    F    1  1   1        00000000 0000                             
 0326     1    F    1  1   0        00000000 0000                             
 0327     1    C    1  1   0        00000000 0000                             
 0328     2    C    1  1   0        00000000 0000                             
 0329     2    0    1  1   0        00000000 0000                             
 0330     3    0    1  1   0        00000000 0000                             
 0331     3    3    1  1   0        00000000 0000                             
 0332     0    F    0  1   1        00000000 0000                             
 0333     0    F    0  1   1        00000000 0000                             
 0334     0    F    1  1   1        00000000 0000                             
 0335     0    F    1  1   1        00000000 0000                             
 0336     0    F    1  1   1        00000000 0000                             
 0337     0    F    1  1   1        00000000 0000                             
 0338     0    F    1  1   1        00000000 0000                             
 0339     0    0    1  0   1        00000000 0000                             
 0340     1    0    1  1   1        00000000 0000                             
 0341     1    C    1  0   1        00000000 0000                             
 0342     2    C    1  1   1        00000000 0000                             
 0343     2    0    1  0   1        00000000 0000                             
 0344     3    0    1  1   1        00000000 0000                             
 0345     3    3    1  0   1        00000000 0000                             
 0346     0    F    0  1   1        00000000 0000                             
 0347     0    F    0  1   1        00000000 0000                             
 0348     0    F    1  1   1        00000000 0000                             
 0349     0    F    1  1   1        00000000 0000                             
 0350     0    F    1  1   1        00000000 0000                             
 0351     0    F    1  1   1        00000000 0000                             
 0352     0    F    1  1   1        00000000 0000                             
 0353     0    F    1  1   1        00000000 0000                             
 0354     0    F    1  1   1        00000000 0000                             
 0355     0    F    1  1   1        00000000 0000                             
 0356     0    F    1  1   1        00000000 0000                             
 0357     0    F    1  1   1        00000000 0000                             
 0358     1    F    1  1   0        00000000 0000                             
 0359     1    C    1  1   0        00000000 0000                             
 0360     2    C    1  1   0        00000000 0000                             
 0361     2    0    1  1   0        00000000 0000                             
 0362     3    0    1  1   0        00000000 0000                             
 0363     3    0    1  1   0        00000000 0000                             
 0364     0    F    0  1   1        00000000 0000                             
 0365     0    F    0  1   1        00000000 0000                             
 0366     0    F    1  1   1        00000000 0000                             
 0367     0    F    1  1   1        00000000 0000                             
 0368     0    F    1  1   1        00000000 0000                             
 0369     0    F    1  1   1        00000000 0000                             
 0370     1    0    1  1   1        00000000 0000                             
 0371     1    0    1  0   1        00000000 0000                             
 0372     2    0    1  1   1        00000000 0000                             
 0373     2    0    1  0   1        00000000 0000                             
 0374     3    0    1  1   1        00000000 0000                             
 0375     3    0    1  0   1        00000000 0000                             
 0376     4    0    1  1   1        00000000 0000                             
 0377     4    0    1  0   1        00000000 0000                             
 0378     5    0    1  1   1        00000000 0000                             
 0379     5    0    1  0   1        00000000 0000                             
 0380     6    0    1  1   1        00000000 0000                             
 0381     6    0    1  0   1        00000000 0000                             
 0382     7    0    1  1   1        00000000 0000                             
 0383     7    0    1  0   1        00000000 0000                             
 0384     8    0    1  1   1        00000000 0000                             
 0385     8    0    1  0   1        00000000 0000                             
 0386     9    0    1  1   1        00000000 0000                             
 0387     9    0    1  0   1        00000000 0000                             
 0388     A    0    1  1   1        00000000 0000                             
 0389     A    0    1  0   1        00000000 0000                             
 0390     B    0    1  1   1        00000000 0000                             
 0391     B    0    1  0   1        00000000 0000                             
 0392     C    0    1  1   1        00000000 0000                             
 0393     C    0    1  0   1        00000000 0000                             
 0394     0    F    0  1   1        00000000 0000                             
 0395     0    F    0  1   1        00000000 0000                             
 0396     0    F    1  1   1        00000000 0000                             
 0397     0    F    1  1   1        00000000 0000                             
 0398     0    F    1  1   1        00000000 0000                             
 0399     0    F    1  1   1        00000000 0000                             
 0400     1    F    1  1   0        00000000 0000                             
 0401     1    C    1  1   0        00000000 0000                             
 0402     2    C    1  1   0        00000000 0000                             
 0403     2    0    1  1   0        00000000 0000                             
 0404     3    0    1  1   0        00000000 0000                             
 0405     3    4    1  1   0        00000000 0000                             
 0406     0    0    0  1   1        00000000 0000                             
 0407     0    0    0  1   1        00000000 0000                             
 0408     0    0    1  1   1        00000000 0000                             
 0409     0    0    1  1   1        00000000 0000                             
 0410     0    0    1  1   1        00000000 0000                             
 0411     0    0    1  1   1        00000000 0000                             
 0412     1    0    1  1   1        00000000 0000                             
 0413     1    0    1  0   1        00000000 0000                             
 0414     2    0    1  1   1        00000000 0000                             
 0415     2    0    1  0   1        00000000 0000                             
 0416     3    0    1  1   1        00000000 0000                             
 0417     3    0    1  0   1        00000000 0000                             
 0418     4    0    1  1   1        00000000 0000                             
 0419     4    0    1  0   1        00000000 0000                             
 0420     5    0    1  1   1        00000000 0000                             
 0421     5    0    1  0   1        00000000 0000                             
 0422     6    0    1  1   1        00000000 0000                             
 0423     6    0    1  0   1        00000000 0000                             
 0424     7    0    1  1   1        00000000 0000                             
 0425     7    0    1  0   1        00000000 0000                             
 0426     8    0    1  1   1        00000000 0000                             
 0427     8    0    1  0   1        00000000 0000                             
 0428     9    0    1  1   1        00000000 0000                             
 0429     9    0    1  0   1        00000000 0000                             
 0430     A    0    1  1   1        00000000 0000                             
 0431     A    0    1  0   1        00000000 0000                             
 0432     B    0    1  1   1        00000000 0000                             
 0433     B    0    1  0   1        00000000 0000                             
 0434     C    0    1  1   1        00000000 0000                             
 0435     C    0    1  0   1        00000000 0000                             
 0436     0    0    0  1   1        00000000 0000                             
 0437     0    0    0  1   1        00000000 0000                             
 0438     0    0    1  1   1        00000000 0000                             
 0439     0    0    1  1   1        00000000 0000                             
 0440     0    0    1  1   1        00000000 0000                             
 0441     0    0    1  1   1        00000000 0000                             
 0442     0    0    1  1   1        00000000 0000                             
 0443     0    0    1  1   1        00000000 0000                             
 0444     0    0    1  1   1        00000000 0000                             
 0445     0    0    1  1   1        00000000 0000                             
 0446     0    0    1  1   1        00000000 0000                             
 0447     0    0    1  1   1        00000000 0000                             
 0448     0    0    1  1   1        00000000 0000                             
 0449     0    0    1  1   1        00000000 0000                             
 0450     0    0    1  1   1        00000000 0000                             
 0451     0    0    1  1   1        00000000 0000                             
 0452     0    0    1  1   1        00000000 0000                             
 0453     0    0    1  1   1        00000000 0000                             
 0454     0    0    1  1   1        00000000 0000                             
 0455     0    0    1  1   1        00000000 0000                             
 0456     0    0    1  1   1        00000000 0000                             
 0457     0    0    1  1   1        00000000 0000                             
 0458     0    0    1  1   1        00000000 0000                             
 0459     0    0    1  1   1        00000000 0000                             
 0460     0    0    1  1   1        00000000 0000                             
 0461     0    0    1  1   1        00000000 0000                             
 0462     0    0    1  1   1        00000000 0000                             
 0463     0    0    1  1   1        00000000 0000                             
 0464     0    0    1  1   1        00000000 0000                             
 0465     0    0    1  1   1        00000000 0000                             
 0466     0    0    1  1   1        00000000 0000                             
 0467     0    0    1  1   1        00000000 0000                             
 0468     0    0    1  1   1        00000000 0000                             
 0469     0    0    1  1   1        00000000 0000                             
 0470     0    0    1  1   1        00000000 0000                             
 0471     0    0    1  1   1        00000000 0000                             
 0472     0    0    1  1   1        00000000 0000                             
 0473     0    0    1  1   1        00000000 0000                             
 0474     0    0    1  1   1        00000000 0000                             
 0475     0    0    1  1   1        00000000 0000                             
 0476     0    0    1  1   1        00000000 0000                             
 0477     0    0    1  1   1        00000000 0000                             
 0478     0    0    1  1   1        00000000 0000                             
 0479     0    0    1  1   1        00000000 0000                             
 0480     0    0    1  1   1        00000000 0000                             
 0481     0    0    1  1   1        00000000 0000                             
 0482     0    0    1  1   1        00000000 0000                             
 0483     0    0    1  1   1        00000000 0000                             
 0484     0    0    1  1   1        00000000 0000                             
 0485     0    0    1  1   1        00000000 0000                             
 0486     0    0    1  1   1        00000000 0000                             
 0487     0    0    1  1   1        00000000 0000                             
 0488     0    0    1  1   1        00000000 0000                             
 0489     0    0    1  1   1        00000000 0000                             
 0490     0    0    1  1   1        00000000 0000                             
 0491     0    0    1  1   1        00000000 0000                             
 0492     0    0    1  1   1        00000000 0000                             
 0493     0    0    1  1   1        00000000 0000                             
 0494     0    0    1  1   1        00000000 0000                             
 0495     0    0    1  1   1        00000000 0000                             
 0496     0    0    1  1   1        00000000 0000                             
 0497     0    0    1  1   1        00000000 0000                             
 0498     0    0    1  1   1        00000000 0000                             
 0499     0    0    1  1   1        00000000 0000                             
