 STATE LISTING OF AQU MEM  
  POS         ADDR    DATA   WE  OP       CE     
 0000 T   7F      0    0   0        1111100 1111                              
 0001     7E      C    0   0        1111100 1111                              
 0002     7D      0    0   0        1111100 1111                              
 0003     7C      3    0   0        1111100 1111                              
 0004     7E      0    0   0        1111100 1111                              
 0005     7D      0    0   0        1111100 1111                              
 0006     7C      0    0   0        1111100 1111                              
 0007     7B      0    0   0        1111100 1111                              
 0008     7A      0    0   0        1111100 1111                              
 0009     79      0    0   0        1111100 1111                              
 0010     78      0    0   0        1111100 1111                              
 0011     77      0    0   0        1111100 1111                              
 0012     76      0    0   0        1111100 1111                              
 0013     75      0    0   0        1111100 1111                              
 0014     74      0    0   0        1111100 1111                              
 0015     73      0    0   0        1111100 1111                              
 0016     7E      0    0   0        1111100 1111                              
 0017     7D      0    0   0        1111100 1111                              
 0018     7C      0    0   0        1111100 1111                              
 0019     7B      0    0   0        0111100 1111                              
 0020     7A      0    0   0        0111100 1111                              
 0021     79      0    0   0        0111100 1111                              
 0022     78      0    0   0        0111100 1111                              
 0023     77      0    0   0        0111100 1111                              
 0024     76      0    0   0        0111100 1111                              
 0025     75      0    0   0        0111100 1111                              
 0026     74      0    0   0        0111100 1111                              
 0027     73      0    0   0        0111100 1111                              
 0028     7F      0    1   0        0111101 1111                              
 0029     7F      0    1   0        0111101 1111                              
 0030     7E      C    1   0        0111101 1111                              
 0031     7D      0    1   0        0111101 1111                              
 0032     7C      4    1   0        0111101 1111                              
 0033     7B      0    1   0        0111101 1111                              
 0034     7A      4    1   0        0111101 1111                              
 0035     79      4    1   0        0111101 1111                              
 0036     78      5    1   0        0111101 1111                              
 0037     77      8    1   0        0111101 1111                              
 0038     76      2    1   0        0111101 1111                              
 0039     75      0    1   0        0111101 1111                              
 0040     74      1    1   0        0111101 1111                              
 0041     73      5    1   0        0111101 1111                              
 0042     72      F    1   0        0111101 1111                              
 0043     71      0    1   0        0111101 1111                              
 0044     70      E    1   0        0111101 1111                              
 0045     7F      1    1   0        0111101 1111                              
 0046     7E      F    1   0        0111101 1111                              
 0047     7D      0    1   0        0111101 1111                              
 0048     7C      0    1   0        0111101 1111                              
 0049     7B      0    1   0        1111101 1111                              
 0050     7A      0    1   0        1111101 1111                              
 0051     79      2    1   0        1111101 1111                              
 0052     78      1    1   0        1111101 1111                              
 0053     77      0    1   0        1111101 1111                              
 0054     76      6    1   0        1111101 1111                              
 0055     75      1    1   0        1111101 1111                              
 0056     74      E    1   0        1111101 1111                              
 0057     72      0    1   0        1111101 1111                              
 0058     71      0    1   0        1111101 1111                              
 0059     70      5    1   0        1111101 1111                              
 0060     7F      0    1   0        1111111 1111                              
 0061     7F      0    1   0        1111111 1111                              
 0062     7E      0    1   0        1111111 1111                              
 0063     7D      0    1   0        1111111 1111                              
 0064     7C      0    1   0        1111111 1111                              
 0065     7B      1    1   0        1111111 1111                              
 0066     7A      4    1   0        1111111 1111                              
 0067     79      4    1   0        1111111 1111                              
 0068     78      5    1   0        1111111 1111                              
 0069     70      E    1   0        1111101 1111                              
 0070     7F      0    1   0        0111101 1111                              
 0071     7E      4    1   0        0111101 1111                              
 0072     7D      1    1   0        0111101 1111                              
 0073     77      5    1   0        0111101 1111                              
 0074     76      0    1   0        0111101 1111                              
 0075     75      0    1   0        0111101 1111                              
 0076     41      F    1   0        0111111 1111                              
 0077     40      F    1   0        0111111 1111                              
 0078     7F      F    1   0        1111101 1111                              
 0079     7E      F    1   0        1111101 1111                              
 0080     7D      1    1   0        1111101 1111                              
 0081     7C      0    1   0        1111101 1111                              
 0082     7B      0    1   0        1111101 1111                              
 0083     7A      0    1   0        0111101 1111                              
 0084     79      0    1   0        0111101 1111                              
 0085     78      4    1   0        0111101 1111                              
 0086     77      1    1   0        0111101 1111                              
 0087     76      6    1   0        0111101 1111                              
 0088     75      1    1   0        0111101 1111                              
 0089     74      E    1   0        0111101 1111                              
 0090     7F      9    1   0        0111101 1111                              
 0091     7E      9    1   0        0111101 1111                              
 0092     7D      0    1   0        0111101 1111                              
 0093     7C      3    1   0        0111101 1111                              
 0094     7B      0    1   0        0111101 1111                              
 0095     7A      9    1   0        0111101 1111                              
 0096     79      1    1   0        0111101 1111                              
 0097     78      8    1   0        0111101 1111                              
 0098     77      4    1   0        0111101 1111                              
 0099     76      4    1   0        0111101 1111                              
 0100     75      9    1   0        0111101 1111                              
 0101     74      2    1   0        0111101 1111                              
 0102     73      4    1   0        0111101 1111                              
 0103     72      3    1   0        0111101 1111                              
 0104     71      4    1   0        0111101 1111                              
 0105     70      0    1   0        0111101 1111                              
 0106     7F      0    1   0        1111111 1111                              
 0107     7E      0    1   0        1111111 1111                              
 0108     7D      0    1   0        1111111 1111                              
 0109     7C      0    1   0        1111111 1111                              
 0110     7B      1    1   0        1111111 1111                              
 0111     7A      9    1   0        1111111 1111                              
 0112     79      1    1   0        1111111 1111                              
 0113     78      8    1   0        1111111 1111                              
 0114     77      4    1   0        1111111 1111                              
 0115     76      4    1   0        1111111 1111                              
 0116     75      9    1   0        1111111 1111                              
 0117     74      2    1   0        1111111 1111                              
 0118     73      4    1   0        1111111 1111                              
 0119     72      3    1   0        1111111 1111                              
 0120     71      4    1   0        1111111 1111                              
 0121     70      0    1   0        1111111 1111                              
 0122     72      0    1   0        1111101 1111                              
 0123     78      F    0   0        0111110 1111                              
 0124     7F      0    0   0        1111110 1111                              
 0125     7A      F    0   0        1111110 1111                              
 0126     74      F    0   0        1111110 1111                              
 0127     70      F    0   0        1111110 1111                              
 0128     7F      1    1   0        0111111 1111                              
 0129     7E      5    1   0        0111111 1111                              
 0130     7D      4    1   0        0111111 1111                              
 0131     7C      4    1   0        0111111 1111                              
 0132     7B      0    1   0        0111111 1111                              
 0133     7A      4    1   0        0111111 1111                              
 0134     79      3    1   0        0111111 1111                              
 0135     78      4    1   0        0111111 1111                              
 0136     77      8    1   0        0111111 1111                              
 0137     76      5    1   0        1111111 1111                              
 0138     75      F    1   0        1111111 1111                              
 0139     74      0    1   0        1111111 1111                              
 0140     73      F    1   0        1111111 1111                              
 0141     72      4    1   0        0111111 1111                              
 0142     71      0    1   0        0111111 1111                              
 0143     70      3    1   0        0111111 1111                              
 0144     6F      8    1   0        1111111 1111                              
 0145     6E      1    1   0        1111111 1111                              
 0146     6D      F    1   0        0111111 1111                              
 0147     6C      0    1   0        0111111 1111                              
 0148     6F      F    1   0        1111111 1111                              
 0149     6E      F    1   0        1111111 1111                              
 0150     7C      0    0   0        1111110 1111                              
 0151     7B      0    0   0        1111110 1111                              
 0152     7A      0    0   0        1111110 1111                              
 0153     79      0    0   0        1111110 1111                              
 0154     78      0    0   0        1111110 1111                              
 0155     77      0    0   0        1111110 1111                              
 0156     76      0    0   0        1111110 1111                              
 0157     75      0    0   0        1111110 1111                              
 0158     74      0    0   0        1111110 1111                              
 0159     73      0    0   0        1111110 1111                              
 0160     7C      F    0   0        0111110 1111                              
 0161     7B      F    0   0        0111110 1111                              
 0162     7A      F    0   0        0111110 1111                              
 0163     79      F    0   0        0111110 1111                              
 0164     78      F    0   0        0111110 1111                              
 0165     77      F    0   0        0111110 1111                              
 0166     76      F    0   0        0111110 1111                              
 0167     75      F    0   0        0111110 1111                              
 0168     74      F    0   0        0111110 1111                              
 0169     73      F    0   0        0111110 1111                              
 0170     7C      0    0   0        0111110 1111                              
 0171     7B      0    0   0        0111110 1111                              
 0172     7A      0    0   0        0111110 1111                              
 0173     79      0    0   0        0111110 1111                              
 0174     78      0    0   0        0111110 1111                              
 0175     77      0    0   0        0111110 1111                              
 0176     76      0    0   0        0111110 1111                              
 0177     75      0    0   0        0111110 1111                              
 0178     74      0    0   0        0111110 1111                              
 0179     73      0    0   0        1111110 1111                              
 0180     7C      F    0   0        1111110 1111                              
 0181     7B      F    0   0        1111110 1111                              
 0182     7A      F    0   0        1111110 1111                              
 0183     79      F    0   0        1111110 1111                              
 0184     78      F    0   0        1111110 1111                              
 0185     77      F    0   0        1111110 1111                              
 0186     76      F    0   0        1111110 1111                              
 0187     75      F    0   0        1111110 1111                              
 0188     74      F    0   0        1111110 1111                              
 0189     73      F    0   0        1111110 1111                              
 0190     7C      F    1   0        1111101 1111                              
 0191     7B      F    1   0        1111101 1111                              
 0192     7A      F    1   0        1111101 1111                              
 0193     79      F    1   0        1111101 1111                              
 0194     78      F    1   0        1111101 1111                              
 0195     77      F    1   0        1111101 1111                              
 0196     76      F    1   0        1111101 1111                              
 0197     75      F    1   0        0111101 1111                              
 0198     74      F    1   0        0111101 1111                              
 0199     73      F    1   0        0111101 1111                              
 0200     7E      0    1   0        0111101 1111                              
 0201     7D      0    1   0        0111101 1111                              
 0202     7C      0    1   0        0111101 1111                              
 0203     7B      0    1   0        0111101 1111                              
 0204     7A      0    1   0        0111101 1111                              
 0205     79      8    1   0        0111101 1111                              
 0206     78      0    1   0        0111101 1111                              
 0207     77      0    1   0        0111101 1111                              
 0208     76      0    1   0        0111101 1111                              
 0209     75      0    1   0        0111101 1111                              
 0210     74      0    1   0        0111101 1111                              
 0211     73      0    1   0        0111101 1111                              
 0212     7C      F    0   0        1111110 1111                              
 0213     7B      F    0   0        1111110 1111                              
 0214     7A      F    0   0        1111110 1111                              
 0215     79      F    0   0        1111110 1111                              
 0216     78      F    0   0        1111110 1111                              
 0217     77      F    0   0        1111110 1111                              
 0218     76      F    0   0        1111110 1111                              
 0219     75      F    0   0        1111110 1111                              
 0220     74      F    0   0        1111110 1111                              
 0221     73      F    0   0        1111110 1111                              
 0222     7E      0    0   0        1111110 1111                              
 0223     7D      0    0   0        1111110 1111                              
 0224     7C      0    0   0        1111110 1111                              
 0225     7B      0    0   0        1111110 1111                              
 0226     7A      0    0   0        1111110 1111                              
 0227     79      0    0   0        1111110 1111                              
 0228     78      0    0   0        1111110 1111                              
 0229     77      0    0   0        1111110 1111                              
 0230     76      0    0   0        0111110 1111                              
 0231     75      8    0   0        0111110 1111                              
 0232     74      0    0   0        0111110 1111                              
 0233     73      0    0   0        0111110 1111                              
 0234     7C      F    0   0        1111110 1111                              
 0235     7B      F    0   0        1111110 1111                              
 0236     7A      F    0   0        1111110 1111                              
 0237     79      F    0   0        0111110 1111                              
 0238     78      F    0   0        0111110 1111                              
 0239     77      F    0   0        0111110 1111                              
 0240     76      F    0   0        0111110 1111                              
 0241     75      F    0   0        0111110 1111                              
 0242     74      F    0   0        0111110 1111                              
 0243     73      1    0   0        0111110 1111                              
 0244     73      1    0   0        0111110 1111                              
 0245     7C      0    0   0        0111110 1111                              
 0246     7B      0    0   0        0111110 1111                              
 0247     7A      0    0   0        0111110 1111                              
 0248     79      0    0   0        0111110 1111                              
 0249     78      0    0   0        0111110 1111                              
 0250     77      0    0   0        0111110 1111                              
 0251     76      0    0   0        0111110 1111                              
 0252     75      0    0   0        0111110 1111                              
 0253     74      0    0   0        0111110 1111                              
 0254     73      5    0   0        0111110 1111                              
 0255     7C      F    1   0        1111101 1111                              
 0256     7B      F    1   0        1111101 1111                              
 0257     7A      F    1   0        1111101 1111                              
 0258     79      F    1   0        1111101 1111                              
 0259     78      F    1   0        1111101 1111                              
 0260     77      F    1   0        1111101 1111                              
 0261     76      F    1   0        1111101 1111                              
 0262     75      F    1   0        1111101 1111                              
 0263     74      F    1   0        1111101 1111                              
 0264     73      1    1   0        1111101 1111                              
 0265     7E      0    1   0        0111101 1111                              
 0266     7D      0    1   0        0111101 1111                              
 0267     7C      0    1   0        0111101 1111                              
 0268     7B      0    1   0        0111101 1111                              
 0269     7A      0    1   0        0111101 1111                              
 0270     79      8    1   0        0111101 1111                              
 0271     78      0    1   0        0111101 1111                              
 0272     77      0    1   0        0111101 1111                              
 0273     76      0    1   0        0111101 1111                              
 0274     75      0    1   0        0111101 1111                              
 0275     74      0    1   0        0111101 1111                              
 0276     73      5    1   0        0111101 1111                              
 0277     7C      F    0   0        0111110 1111                              
 0278     7B      F    0   0        0111110 1111                              
 0279     7A      F    0   0        0111110 1111                              
 0280     79      F    0   0        0111110 1111                              
 0281     78      F    0   0        0111110 1111                              
 0282     77      F    0   0        0111110 1111                              
 0283     76      F    0   0        0111110 1111                              
 0284     75      F    0   0        0111110 1111                              
 0285     74      F    0   0        0111110 1111                              
 0286     73      F    0   0        0111110 1111                              
 0287     7E      0    0   0        1111110 1111                              
 0288     7D      0    0   0        1111110 1111                              
 0289     7C      0    0   0        1111110 1111                              
 0290     7B      0    0   0        1111110 1111                              
 0291     7A      0    0   0        1111110 1111                              
 0292     79      0    0   0        1111110 1111                              
 0293     78      0    0   0        1111110 1111                              
 0294     77      0    0   0        1111110 1111                              
 0295     76      0    0   0        1111110 1111                              
 0296     75      8    0   0        1111110 1111                              
 0297     74      0    0   0        1111110 1111                              
 0298     73      0    0   0        1111110 1111                              
 0299     7C      F    0   0        1111110 1111                              
 0300     7B      F    0   0        1111110 1111                              
 0301     7A      F    0   0        1111110 1111                              
 0302     79      F    0   0        1111110 1111                              
 0303     78      F    0   0        1111110 1111                              
 0304     77      F    0   0        1111110 1111                              
 0305     76      F    0   0        1111110 1111                              
 0306     75      F    0   0        1111110 1111                              
 0307     74      4    0   0        1111110 1111                              
 0308     73      1    0   0        1111110 1111                              
 0309     7C      0    0   0        1111110 1111                              
 0310     7B      0    0   0        1111110 1111                              
 0311     7A      0    0   0        1111110 1111                              
 0312     79      0    0   0        1111110 1111                              
 0313     78      0    0   0        1111110 1111                              
 0314     77      0    0   0        1111110 1111                              
 0315     76      0    0   0        1111110 1111                              
 0316     75      0    0   0        1111110 1111                              
 0317     74      4    0   0        1111110 1111                              
 0318     73      5    0   0        1111110 1111                              
 0319     7C      F    1   0        0111101 1111                              
 0320     7B      F    1   0        0111101 1111                              
 0321     7A      F    1   0        0111101 1111                              
 0322     79      F    1   0        0111101 1111                              
 0323     78      F    1   0        0111101 1111                              
 0324     77      F    1   0        0111101 1111                              
 0325     76      F    1   0        0111101 1111                              
 0326     75      F    1   0        0111101 1111                              
 0327     74      4    1   0        0111101 1111                              
 0328     73      1    1   0        0111101 1111                              
 0329     7E      0    1   0        1111101 1111                              
 0330     7D      0    1   0        1111101 1111                              
 0331     7C      0    1   0        1111101 1111                              
 0332     7B      0    1   0        1111101 1111                              
 0333     7A      0    1   0        1111101 1111                              
 0334     79      8    1   0        1111101 1111                              
 0335     78      0    1   0        1111101 1111                              
 0336     77      0    1   0        1111101 1111                              
 0337     76      0    1   0        1111101 1111                              
 0338     75      0    1   0        1111101 1111                              
 0339     74      4    1   0        1111101 1111                              
 0340     73      5    1   0        1111101 1111                              
 0341     7C      F    0   0        1111110 1111                              
 0342     7B      F    0   0        1111110 1111                              
 0343     7A      F    0   0        1111110 1111                              
 0344     79      F    0   0        1111110 1111                              
 0345     78      F    0   0        0111110 1111                              
 0346     77      F    0   0        0111110 1111                              
 0347     76      F    0   0        0111110 1111                              
 0348     75      F    0   0        0111110 1111                              
 0349     74      F    0   0        0111110 1111                              
 0350     73      F    0   0        0111110 1111                              
 0351     7E      0    0   0        0111110 1111                              
 0352     7D      0    0   0        0111110 1111                              
 0353     7C      0    0   0        0111110 1111                              
 0354     7B      0    0   0        0111110 1111                              
 0355     7A      0    0   0        0111110 1111                              
 0356     79      0    0   0        0111110 1111                              
 0357     78      0    0   0        0111110 1111                              
 0358     77      0    0   0        0111110 1111                              
 0359     76      0    0   0        0111110 1111                              
 0360     75      8    0   0        0111110 1111                              
 0361     74      0    0   0        0111110 1111                              
 0362     73      0    0   0        0111110 1111                              
 0363     7C      F    0   0        0111110 1111                              
 0364     7B      F    0   0        0111110 1111                              
 0365     7A      F    0   0        0111110 1111                              
 0366     79      F    0   0        0111110 1111                              
 0367     78      F    0   0        0111110 1111                              
 0368     77      F    0   0        0111110 1111                              
 0369     76      F    0   0        0111110 1111                              
 0370     75      0    0   0        0111110 1111                              
 0371     74      4    0   0        0111110 1111                              
 0372     73      1    0   0        0111110 1111                              
 0373     7C      0    0   0        0111110 1111                              
 0374     7B      0    0   0        0111110 1111                              
 0375     7A      0    0   0        0111110 1111                              
 0376     79      0    0   0        0111110 1111                              
 0377     78      0    0   0        0111110 1111                              
 0378     77      0    0   0        0111110 1111                              
 0379     76      0    0   0        0111110 1111                              
 0380     75      4    0   0        1111110 1111                              
 0381     74      4    0   0        1111110 1111                              
 0382     73      5    0   0        1111110 1111                              
 0383     7C      F    1   0        1111101 1111                              
 0384     7B      F    1   0        1111101 1111                              
 0385     7A      F    1   0        1111101 1111                              
 0386     79      F    1   0        1111101 1111                              
 0387     78      F    1   0        1111101 1111                              
 0388     77      F    1   0        1111101 1111                              
 0389     76      F    1   0        1111101 1111                              
 0390     75      0    1   0        1111101 1111                              
 0391     74      4    1   0        1111101 1111                              
 0392     73      1    1   0        1111101 1111                              
 0393     7E      0    1   0        0111101 1111                              
 0394     7D      0    1   0        0111101 1111                              
 0395     7C      0    1   0        0111101 1111                              
 0396     7B      0    1   0        0111101 1111                              
 0397     7A      0    1   0        0111101 1111                              
 0398     79      8    1   0        0111101 1111                              
 0399     78      0    1   0        0111101 1111                              
 0400     77      0    1   0        0111101 1111                              
 0401     76      0    1   0        0111101 1111                              
 0402     75      4    1   0        0111101 1111                              
 0403     74      4    1   0        0111101 1111                              
 0404     73      5    1   0        0111101 1111                              
 0405     7C      F    0   0        1111110 1111                              
 0406     7B      F    0   0        1111110 1111                              
 0407     7A      F    0   0        1111110 1111                              
 0408     79      F    0   0        1111110 1111                              
 0409     78      F    0   0        1111110 1111                              
 0410     77      F    0   0        1111110 1111                              
 0411     76      F    0   0        1111110 1111                              
 0412     75      F    0   0        1111110 1111                              
 0413     74      F    0   0        1111110 1111                              
 0414     73      F    0   0        1111110 1111                              
 0415     7E      0    0   0        1111110 1111                              
 0416     7D      0    0   0        1111110 1111                              
 0417     7C      0    0   0        1111110 1111                              
 0418     7B      0    0   0        1111110 1111                              
 0419     7A      0    0   0        1111110 1111                              
 0420     79      0    0   0        1111110 1111                              
 0421     78      0    0   0        1111110 1111                              
 0422     77      0    0   0        1111110 1111                              
 0423     76      0    0   0        1111110 1111                              
 0424     75      8    0   0        1111110 1111                              
 0425     74      0    0   0        1111110 1111                              
 0426     73      0    0   0        0111110 1111                              
 0427     7C      F    0   0        1111110 1111                              
 0428     7B      F    0   0        1111110 1111                              
 0429     7A      F    0   0        1111110 1111                              
 0430     79      F    0   0        1111110 1111                              
 0431     78      F    0   0        1111110 1111                              
 0432     77      F    0   0        1111110 1111                              
 0433     76      3    0   0        1111110 1111                              
 0434     75      0    0   0        1111110 1111                              
 0435     74      4    0   0        1111110 1111                              
 0436     73      1    0   0        1111110 1111                              
 0437     7C      0    0   0        1111110 1111                              
 0438     7B      0    0   0        0111110 1111                              
 0439     7A      0    0   0        0111110 1111                              
 0440     79      0    0   0        0111110 1111                              
 0441     78      0    0   0        0111110 1111                              
 0442     77      0    0   0        0111110 1111                              
 0443     76      4    0   0        0111110 1111                              
 0444     75      4    0   0        0111110 1111                              
 0445     74      4    0   0        0111110 1111                              
 0446     73      5    0   0        0111110 1111                              
 0447     7C      F    1   0        0111101 1111                              
 0448     7B      F    1   0        0111101 1111                              
 0449     7A      F    1   0        0111101 1111                              
 0450     79      F    1   0        0111101 1111                              
 0451     78      F    1   0        1111101 1111                              
 0452     77      F    1   0        1111101 1111                              
 0453     76      3    1   0        1111101 1111                              
 0454     76      3    1   0        1111101 1111                              
 0455     75      0    1   0        1111101 1111                              
 0456     74      4    1   0        1111101 1111                              
 0457     73      1    1   0        1111101 1111                              
 0458     7E      0    1   0        1111101 1111                              
 0459     7D      0    1   0        1111101 1111                              
 0460     7C      0    1   0        1111101 1111                              
 0461     7B      0    1   0        1111101 1111                              
 0462     7A      0    1   0        1111101 1111                              
 0463     79      8    1   0        1111101 1111                              
 0464     78      0    1   0        1111101 1111                              
 0465     77      0    1   0        1111101 1111                              
 0466     76      4    1   0        1111101 1111                              
 0467     75      4    1   0        1111101 1111                              
 0468     74      4    1   0        1111101 1111                              
 0469     73      5    1   0        1111101 1111                              
 0470     7C      F    0   0        0111110 1111                              
 0471     7B      F    0   0        0111110 1111                              
 0472     7A      F    0   0        0111110 1111                              
 0473     79      F    0   0        0111110 1111                              
 0474     78      F    0   0        0111110 1111                              
 0475     77      F    0   0        0111110 1111                              
 0476     76      F    0   0        0111110 1111                              
 0477     75      F    0   0        0111110 1111                              
 0478     74      F    0   0        0111110 1111                              
 0479     73      F    0   0        0111110 1111                              
 0480     7E      0    0   0        0111110 1111                              
 0481     7D      0    0   0        0111110 1111                              
 0482     7C      0    0   0        0111110 1111                              
 0483     7B      0    0   0        0111110 1111                              
 0484     7A      0    0   0        0111110 1111                              
 0485     79      0    0   0        1111110 1111                              
 0486     78      0    0   0        1111110 1111                              
 0487     77      0    0   0        1111110 1111                              
 0488     76      0    0   0        1111110 1111                              
 0489     75      8    0   0        1111110 1111                              
 0490     74      0    0   0        1111110 1111                              
 0491     73      0    0   0        1111110 1111                              
 0492     7C      F    0   0        0111110 1111                              
 0493     7B      F    0   0        0111110 1111                              
 0494     7A      F    0   0        0111110 1111                              
 0495     79      F    0   0        0111110 1111                              
 0496     78      F    0   0        0111110 1111                              
 0497     77      8    0   0        0111110 1111                              
 0498     76      3    0   0        0111110 1111                              
 0499     75      0    0   0        0111110 1111                              
 0500     74      4    0   0        0111110 1111                              
 0501     73      1    0   0        0111110 1111                              
 0502     7C      0    0   0        1111110 1111                              
 0503     7B      0    0   0        1111110 1111                              
 0504     7A      0    0   0        1111110 1111                              
 0505     79      0    0   0        1111110 1111                              
 0506     78      0    0   0        1111110 1111                              
 0507     77      5    0   0        1111110 1111                              
 0508     76      4    0   0        1111110 1111                              
 0509     75      4    0   0        1111110 1111                              
 0510     74      4    0   0        1111110 1111                              
 0511     73      5    0   0        1111110 1111                              
 0512     7C      F    1   0        0111101 1111                              
 0513     7B      F    1   0        0111101 1111                              
 0514     7A      F    1   0        0111101 1111                              
 0515     79      F    1   0        0111101 1111                              
 0516     78      F    1   0        0111101 1111                              
 0517     77      8    1   0        0111101 1111                              
 0518     76      3    1   0        0111101 1111                              
 0519     75      0    1   0        0111101 1111                              
 0520     74      4    1   0        0111101 1111                              
 0521     73      1    1   0        0111101 1111                              
 0522     7E      0    1   0        0111101 1111                              
 0523     7D      0    1   0        0111101 1111                              
 0524     7C      0    1   0        0111101 1111                              
 0525     7B      0    1   0        0111101 1111                              
 0526     7A      0    1   0        0111101 1111                              
 0527     79      8    1   0        0111101 1111                              
 0528     78      0    1   0        0111101 1111                              
 0529     77      5    1   0        0111101 1111                              
 0530     76      4    1   0        0111101 1111                              
 0531     75      4    1   0        0111101 1111                              
 0532     74      4    1   0        0111101 1111                              
 0533     73      5    1   0        1111101 1111                              
 0534     7C      F    0   0        1111110 1111                              
 0535     7B      F    0   0        1111110 1111                              
 0536     7A      F    0   0        1111110 1111                              
 0537     79      F    0   0        1111110 1111                              
 0538     78      F    0   0        1111110 1111                              
 0539     77      F    0   0        1111110 1111                              
 0540     76      F    0   0        1111110 1111                              
 0541     75      F    0   0        1111110 1111                              
 0542     74      F    0   0        1111110 1111                              
 0543     73      F    0   0        1111110 1111                              
 0544     7E      0    0   0        0111110 1111                              
 0545     7D      0    0   0        0111110 1111                              
 0546     7C      0    0   0        0111110 1111                              
 0547     7B      0    0   0        0111110 1111                              
 0548     7A      0    0   0        0111110 1111                              
 0549     79      0    0   0        0111110 1111                              
 0550     78      0    0   0        0111110 1111                              
 0551     77      0    0   0        0111110 1111                              
 0552     76      0    0   0        0111110 1111                              
 0553     75      8    0   0        0111110 1111                              
 0554     74      0    0   0        0111110 1111                              
 0555     73      0    0   0        0111110 1111                              
 0556     7C      F    0   0        1111110 1111                              
 0557     7B      F    0   0        1111110 1111                              
 0558     7A      F    0   0        1111110 1111                              
 0559     79      F    0   0        1111110 1111                              
 0560     78      F    0   0        1111110 1111                              
 0561     77      8    0   0        1111110 1111                              
 0562     76      3    0   0        1111110 1111                              
 0563     75      0    0   0        1111110 1111                              
 0564     74      4    0   0        0111110 1111                              
 0565     73      1    0   0        0111110 1111                              
 0566     7C      0    0   0        0111110 1111                              
 0567     7B      0    0   0        0111110 1111                              
 0568     7A      0    0   0        0111110 1111                              
 0569     79      0    0   0        0111110 1111                              
 0570     78      0    0   0        0111110 1111                              
 0571     77      5    0   0        0111110 1111                              
 0572     76      4    0   0        0111110 1111                              
 0573     75      4    0   0        0111110 1111                              
 0574     74      4    0   0        0111110 1111                              
 0575     73      5    0   0        0111110 1111                              
 0576     7C      F    1   0        1111101 1111                              
 0577     7B      F    1   0        1111101 1111                              
 0578     7A      F    1   0        1111101 1111                              
 0579     79      F    1   0        1111101 1111                              
 0580     78      F    1   0        1111101 1111                              
 0581     77      8    1   0        1111101 1111                              
 0582     76      0    1   0        1111101 1111                              
 0583     76      3    1   0        1111101 1111                              
 0584     75      0    1   0        1111101 1111                              
 0585     74      4    1   0        1111101 1111                              
 0586     73      1    1   0        1111101 1111                              
 0587     7E      0    1   0        1111101 1111                              
 0588     7D      0    1   0        1111101 1111                              
 0589     7C      0    1   0        1111101 1111                              
 0590     7B      0    1   0        1111101 1111                              
 0591     7A      0    1   0        1111101 1111                              
 0592     79      8    1   0        0111101 1111                              
 0593     78      0    1   0        0111101 1111                              
 0594     77      5    1   0        0111101 1111                              
 0595     76      4    1   0        0111101 1111                              
 0596     75      4    1   0        0111101 1111                              
 0597     74      4    1   0        0111101 1111                              
 0598     73      5    1   0        0111101 1111                              
 0599     7C      F    0   0        0111110 1111                              
 0600     7B      F    0   0        0111110 1111                              
 0601     7A      F    0   0        0111110 1111                              
 0602     79      F    0   0        0111110 1111                              
 0603     78      F    0   0        0111110 1111                              
 0604     77      F    0   0        0111110 1111                              
 0605     76      F    0   0        0111110 1111                              
 0606     75      F    0   0        0111110 1111                              
 0607     74      F    0   0        0111110 1111                              
 0608     73      F    0   0        0111110 1111                              
 0609     7E      0    0   0        1111110 1111                              
 0610     7D      0    0   0        1111110 1111                              
 0611     7C      0    0   0        1111110 1111                              
 0612     7B      0    0   0        1111110 1111                              
 0613     7A      0    0   0        1111110 1111                              
 0614     79      0    0   0        1111110 1111                              
 0615     78      0    0   0        1111110 1111                              
 0616     77      0    0   0        1111110 1111                              
 0617     76      0    0   0        1111110 1111                              
 0618     75      8    0   0        1111110 1111                              
 0619     74      0    0   0        1111110 1111                              
 0620     73      0    0   0        1111110 1111                              
 0621     7C      F    0   0        0111110 1111                              
 0622     7B      F    0   0        0111110 1111                              
 0623     7A      F    0   0        1111110 1111                              
 0624     79      F    0   0        1111110 1111                              
 0625     78      F    0   0        1111110 1111                              
 0626     77      8    0   0        1111110 1111                              
 0627     76      3    0   0        1111110 1111                              
 0628     75      0    0   0        1111110 1111                              
 0629     74      4    0   0        1111110 1111                              
 0630     73      1    0   0        1111110 1111                              
 0631     7C      0    0   0        1111110 1111                              
 0632     7B      0    0   0        1111110 1111                              
 0633     7A      0    0   0        1111110 1111                              
 0634     79      4    0   0        1111110 1111                              
 0635     78      0    0   0        1111110 1111                              
 0636     77      5    0   0        1111110 1111                              
 0637     76      4    0   0        1111110 1111                              
 0638     75      4    0   0        1111110 1111                              
 0639     74      4    0   0        1111110 1111                              
 0640     73      5    0   0        1111110 1111                              
 0641     7C      F    1   0        0111101 1111                              
 0642     7B      F    1   0        0111101 1111                              
 0643     7A      F    1   0        0111101 1111                              
 0644     79      F    1   0        0111101 1111                              
 0645     78      F    1   0        0111101 1111                              
 0646     77      8    1   0        0111101 1111                              
 0647     76      3    1   0        0111101 1111                              
 0648     75      0    1   0        0111101 1111                              
 0649     74      4    1   0        0111101 1111                              
 0650     73      1    1   0        0111101 1111                              
 0651     7E      0    1   0        1111101 1111                              
 0652     7D      0    1   0        1111101 1111                              
 0653     7C      0    1   0        1111101 1111                              
 0654     7B      0    1   0        1111101 1111                              
 0655     7A      0    1   0        1111101 1111                              
 0656     79      C    1   0        1111101 1111                              
 0657     78      0    1   0        1111101 1111                              
 0658     77      5    1   0        1111101 1111                              
 0659     76      4    1   0        1111101 1111                              
 0660     75      4    1   0        1111101 1111                              
 0661     74      4    1   0        1111101 1111                              
 0662     73      5    1   0        1111101 1111                              
 0663     7C      F    0   0        1111110 1111                              
 0664     7B      F    0   0        1111110 1111                              
 0665     7A      F    0   0        1111110 1111                              
 0666     79      F    0   0        1111110 1111                              
 0667     78      F    0   0        1111110 1111                              
 0668     77      F    0   0        1111110 1111                              
 0669     76      F    0   0        1111110 1111                              
 0670     75      F    0   0        1111110 1111                              
 0671     74      F    0   0        1111110 1111                              
 0672     73      F    0   0        0111110 1111                              
 0673     7E      0    0   0        0111110 1111                              
 0674     7D      0    0   0        0111110 1111                              
 0675     7C      0    0   0        0111110 1111                              
 0676     7B      0    0   0        0111110 1111                              
 0677     7A      0    0   0        0111110 1111                              
 0678     79      0    0   0        0111110 1111                              
 0679     78      0    0   0        0111110 1111                              
 0680     77      0    0   0        0111110 1111                              
 0681     76      0    0   0        0111110 1111                              
 0682     75      8    0   0        0111110 1111                              
 0683     74      0    0   0        0111110 1111                              
 0684     73      0    0   0        0111110 1111                              
 0685     7C      F    0   0        0111110 1111                              
 0686     7B      F    0   0        0111110 1111                              
 0687     7A      0    0   0        0111110 1111                              
 0688     7A      0    0   0        0111110 1111                              
 0689     79      F    0   0        0111110 1111                              
 0690     78      F    0   0        0111110 1111                              
 0691     77      8    0   0        0111110 1111                              
 0692     76      3    0   0        0111110 1111                              
 0693     75      0    0   0        0111110 1111                              
 0694     74      4    0   0        0111110 1111                              
 0695     73      1    0   0        0111110 1111                              
 0696     7C      0    0   0        0111110 1111                              
 0697     7B      0    0   0        0111110 1111                              
 0698     7A      3    0   0        0111110 1111                              
 0699     79      4    0   0        0111110 1111                              
 0700     78      0    0   0        0111110 1111                              
 0701     77      5    0   0        0111110 1111                              
 0702     76      4    0   0        0111110 1111                              
 0703     75      4    0   0        0111110 1111                              
 0704     74      4    0   0        0111110 1111                              
 0705     73      5    0   0        0111110 1111                              
 0706     7C      F    1   0        1111101 1111                              
 0707     7B      F    1   0        1111101 1111                              
 0708     7A      0    1   0        1111101 1111                              
 0709     79      F    1   0        1111101 1111                              
 0710     78      F    1   0        1111101 1111                              
 0711     77      8    1   0        1111101 1111                              
 0712     76      3    1   0        1111101 1111                              
 0713     75      0    1   0        1111101 1111                              
 0714     74      4    1   0        1111101 1111                              
 0715     73      1    1   0        1111101 1111                              
 0716     7E      0    1   0        0111101 1111                              
 0717     7D      0    1   0        0111101 1111                              
 0718     7C      0    1   0        0111101 1111                              
 0719     7B      0    1   0        0111101 1111                              
 0720     7A      3    1   0        0111101 1111                              
 0721     79      C    1   0        0111101 1111                              
 0722     78      0    1   0        0111101 1111                              
 0723     77      5    1   0        0111101 1111                              
 0724     76      4    1   0        0111101 1111                              
 0725     75      4    1   0        0111101 1111                              
 0726     74      4    1   0        0111101 1111                              
 0727     73      5    1   0        0111101 1111                              
 0728     7C      F    0   0        0111110 1111                              
 0729     7B      F    0   0        0111110 1111                              
 0730     7A      F    0   0        0111110 1111                              
 0731     79      F    0   0        1111110 1111                              
 0732     78      F    0   0        1111110 1111                              
 0733     77      F    0   0        1111110 1111                              
 0734     76      F    0   0        1111110 1111                              
 0735     75      F    0   0        1111110 1111                              
 0736     74      F    0   0        1111110 1111                              
 0737     73      F    0   0        1111110 1111                              
 0738     7E      0    0   0        1111110 1111                              
 0739     7D      0    0   0        1111110 1111                              
 0740     7C      0    0   0        1111110 1111                              
 0741     7B      0    0   0        1111110 1111                              
 0742     7A      0    0   0        1111110 1111                              
 0743     79      0    0   0        1111110 1111                              
 0744     78      0    0   0        1111110 1111                              
 0745     77      0    0   0        1111110 1111                              
 0746     76      0    0   0        1111110 1111                              
 0747     75      8    0   0        1111110 1111                              
 0748     74      0    0   0        1111110 1111                              
 0749     73      0    0   0        1111110 1111                              
 0750     72      0    1   0        1111101 1111                              
 0751     7F      0    0   0        1111110 1111                              
 0752     7F      0    0   0        1111110 1111                              
 0753     7E      8    0   0        1111110 1111                              
 0754     7D      6    0   0        1111110 1111                              
 0755     7C      1    0   0        1111110 1111                              
 0756     7E      B    1   0        0111101 1111                              
 0757     7D      B    1   0        0111101 1111                              
 0758     7C      F    1   0        0111101 1111                              
 0759     7B      F    1   0        0111101 1111                              
 0760     7A      0    1   0        0111101 1111                              
 0761     79      F    1   0        0111101 1111                              
 0762     78      F    1   0        0111101 1111                              
 0763     77      8    1   0        0111101 1111                              
 0764     77      8    1   0        0111101 1111                              
 0765     76      3    1   0        1111101 1111                              
 0766     75      0    1   0        1111101 1111                              
 0767     74      4    1   0        1111101 1111                              
 0768     73      1    1   0        1111101 1111                              
 0769     7E      0    1   0        1111101 1111                              
 0770     7D      0    1   0        1111101 1111                              
 0771     7C      0    1   0        1111101 1111                              
 0772     7B      0    1   0        1111101 1111                              
 0773     7A      3    1   0        1111101 1111                              
 0774     79      C    1   0        1111101 1111                              
 0775     78      0    1   0        1111101 1111                              
 0776     77      5    1   0        1111101 1111                              
 0777     76      4    1   0        1111101 1111                              
 0778     75      4    1   0        1111101 1111                              
 0779     74      4    1   0        1111101 1111                              
 0780     73      5    1   0        0111101 1111                              
 0781     7E      B    0   0        0111110 1111                              
 0782     7D      B    0   0        0111110 1111                              
 0783     7C      F    0   0        0111110 1111                              
 0784     7B      F    0   0        0111110 1111                              
 0785     7A      F    0   0        0111110 1111                              
 0786     79      F    0   0        0111110 1111                              
 0787     78      F    0   0        0111110 1111                              
 0788     77      F    0   0        0111110 1111                              
 0789     76      F    0   0        0111110 1111                              
 0790     75      F    0   0        0111110 1111                              
 0791     74      F    0   0        0111110 1111                              
 0792     73      F    0   0        0111110 1111                              
 0793     7E      0    0   0        1111110 1111                              
 0794     7D      0    0   0        1111110 1111                              
 0795     7C      0    0   0        1111110 1111                              
 0796     7B      0    0   0        1111110 1111                              
 0797     7A      0    0   0        1111110 1111                              
 0798     79      0    0   0        1111110 1111                              
 0799     78      0    0   0        1111110 1111                              
 0800     77      0    0   0        1111110 1111                              
 0801     76      0    0   0        1111110 1111                              
 0802     75      8    0   0        1111110 1111                              
 0803     74      0    0   0        1111110 1111                              
 0804     00      F    0   0        0000000 0000                              
 0805     00      F    0   0        0000000 0000                              
 0806     00      F    0   0        0000000 0000                              
 0807     00      F    0   0        0000000 0000                              
 0808     00      F    0   0        0000000 0000                              
 0809     00      F    0   0        0000000 0000                              
 0810     00      F    0   0        0000000 0000                              
 0811     00      F    0   0        0000000 0000                              
 0812     00      F    0   0        0000000 0000                              
 0813     00      F    0   0        0000000 0000                              
 0814     00      F    0   0        0000000 0000                              
 0815     00      F    0   0        0000000 0000                              
 0816     00      F    0   0        0000000 0000                              
 0817     00      F    0   0        0000000 0000                              
 0818     00      F    0   0        0000000 0000                              
 0819     00      F    0   0        0000000 0000                              
 0820     00      F    0   0        0000000 0000                              
 0821     00      F    0   0        0000000 0000                              
 0822     00      F    0   0        0000000 0000                              
 0823     00      F    0   0        0000000 0000                              
 0824     00      F    0   0        0000000 0000                              
 0825     00      F    0   0        0000000 0000                              
 0826     00      F    0   0        0000000 0000                              
 0827     00      F    0   0        0000000 0000                              
 0828     00      F    0   0        0000000 0000                              
 0829     00      F    0   0        0000000 0000                              
 0830     00      F    0   0        0000000 0000                              
 0831     00      F    0   0        0000000 0000                              
