 STATE LISTING OF AQU MEM  
  POS         ADDR    DATA   WE  CE      
 0000 T   00      0    0   11111100 1111                                      
 0001     00      0    0   11111100 1111                                      
 0002     01      C    0   11111100 1111                                      
 0003     02      0    0   11111100 1111                                      
 0004     03      3    0   11111100 1111                                      
 0005     01      0    0   11111100 1111                                      
 0006     02      0    0   11111100 1111                                      
 0007     03      0    0   11111100 1111                                      
 0008     04      0    0   11111100 1111                                      
 0009     05      0    0   11111100 1111                                      
 0010     06      0    0   11111100 1111                                      
 0011     07      0    0   11111100 1111                                      
 0012     08      0    0   11111100 1111                                      
 0013     09      0    0   11111100 1111                                      
 0014     0A      0    0   11111100 1111                                      
 0015     0B      0    0   11111100 1111                                      
 0016     0C      0    0   11111100 1111                                      
 0017     01      0    0   11111100 1111                                      
 0018     02      0    0   11111100 1111                                      
 0019     03      0    0   11111100 1111                                      
 0020     04      0    0   00111100 1111                                      
 0021     05      0    0   00111100 1111                                      
 0022     06      0    0   00111100 1111                                      
 0023     07      0    0   00111100 1111                                      
 0024     08      0    0   00111100 1111                                      
 0025     09      0    0   00111100 1111                                      
 0026     0A      0    0   00111100 1111                                      
 0027     0B      0    0   00111100 1111                                      
 0028     0C      0    0   00111100 1111                                      
 0029     00      0    1   00111101 1111                                      
 0030     00      0    1   00111101 1111                                      
 0031     01      C    1   00111101 1111                                      
 0032     02      0    1   00111101 1111                                      
 0033     03      4    1   00111101 1111                                      
 0034     04      0    1   00111101 1111                                      
 0035     05      4    1   00111101 1111                                      
 0036     06      4    1   00111101 1111                                      
 0037     07      8    1   00111101 1111                                      
 0038     08      F    1   00111101 1111                                      
 0039     09      3    1   00111101 1111                                      
 0040     0A      9    1   00111101 1111                                      
 0041     0B      2    1   00111101 1111                                      
 0042     0C      3    1   00111101 1111                                      
 0043     0D      F    1   00111101 1111                                      
 0044     0E      0    1   00111101 1111                                      
 0045     0F      E    1   00111101 1111                                      
 0046     00      1    1   00111101 1111                                      
 0047     01      F    1   00111101 1111                                      
 0048     02      0    1   00111101 1111                                      
 0049     03      0    1   00111101 1111                                      
 0050     04      0    1   11111101 1111                                      
 0051     05      0    1   11111101 1111                                      
 0052     06      2    1   11111101 1111                                      
 0053     07      1    1   11111101 1111                                      
 0054     08      0    1   11111101 1111                                      
 0055     09      6    1   11111101 1111                                      
 0056     0A      1    1   11111101 1111                                      
 0057     0B      E    1   11111101 1111                                      
 0058     0D      0    1   11111101 1111                                      
 0059     0D      0    1   11111101 1111                                      
 0060     0E      0    1   11111101 1111                                      
 0061     0F      5    1   11111101 1111                                      
 0062     00      0    1   11111111 1111                                      
 0063     00      0    1   11111111 1111                                      
 0064     01      0    1   11111111 1111                                      
 0065     02      0    1   11111111 1111                                      
 0066     03      0    1   11111111 1111                                      
 0067     04      1    1   11111111 1111                                      
 0068     05      4    1   11111111 1111                                      
 0069     06      4    1   11111111 1111                                      
 0070     07      8    1   11111111 1111                                      
 0071     0F      E    1   11111101 1111                                      
 0072     00      0    1   00111101 1111                                      
 0073     01      4    1   00111101 1111                                      
 0074     02      1    1   00111101 1111                                      
 0075     08      5    1   00111101 1111                                      
 0076     09      0    1   00111101 1111                                      
 0077     0A      0    1   00111101 1111                                      
 0078     3E      F    1   00111111 1111                                      
 0079     3F      F    1   00111111 1111                                      
 0080     00      F    1   11111101 1111                                      
 0081     01      F    1   00111101 1111                                      
 0082     02      1    1   00111101 1111                                      
 0083     03      0    1   00111101 1111                                      
 0084     04      0    1   00111101 1111                                      
 0085     05      0    1   00111101 1111                                      
 0086     06      0    1   00111101 1111                                      
 0087     07      4    1   00111101 1111                                      
 0088     08      1    1   00111101 1111                                      
 0089     09      6    1   00111101 1111                                      
 0090     0A      1    1   00111101 1111                                      
 0091     0B      E    1   00111101 1111                                      
 0092     00      9    1   00111101 1111                                      
 0093     01      9    1   00111101 1111                                      
 0094     02      0    1   00111101 1111                                      
 0095     03      3    1   00111101 1111                                      
 0096     04      0    1   00111101 1111                                      
 0097     05      9    1   00111101 1111                                      
 0098     06      1    1   00111101 1111                                      
 0099     07      8    1   00111101 1111                                      
 0100     08      4    1   00111101 1111                                      
 0101     09      4    1   00111101 1111                                      
 0102     0A      9    1   00111101 1111                                      
 0103     0B      0    1   00111101 1111                                      
 0104     0B      2    1   00111101 1111                                      
 0105     0C      4    1   00111101 1111                                      
 0106     0D      3    1   00111101 1111                                      
 0107     0E      4    1   00111101 1111                                      
 0108     0F      0    1   00111101 1111                                      
 0109     00      0    1   11111111 1111                                      
 0110     01      0    1   11111111 1111                                      
 0111     02      0    1   11111111 1111                                      
 0112     03      0    1   11111111 1111                                      
 0113     04      1    1   11111111 1111                                      
 0114     05      9    1   11111111 1111                                      
 0115     06      1    1   11111111 1111                                      
 0116     07      8    1   11111111 1111                                      
 0117     08      4    1   11111111 1111                                      
 0118     09      4    1   11111111 1111                                      
 0119     0A      9    1   11111111 1111                                      
 0120     0B      2    1   11111111 1111                                      
 0121     0C      4    1   11111111 1111                                      
 0122     0D      3    1   11111111 1111                                      
 0123     0E      4    1   11111111 1111                                      
 0124     0F      0    1   11111111 1111                                      
 0125     0D      0    1   11111101 1111                                      
 0126     07      F    0   11111110 1111                                      
 0127     00      0    0   11111110 1111                                      
 0128     05      F    0   11111110 1111                                      
 0129     0B      F    0   11111110 1111                                      
 0130     0F      F    0   11111110 1111                                      
 0131     00      1    1   00111111 1111                                      
 0132     01      5    1   00111111 1111                                      
 0133     02      4    1   00111111 1111                                      
 0134     03      4    1   00111111 1111                                      
 0135     04      0    1   00111111 1111                                      
 0136     05      4    1   00111111 1111                                      
 0137     06      3    1   00111111 1111                                      
 0138     07      4    1   00111111 1111                                      
 0139     08      8    1   11111111 1111                                      
 0140     09      5    1   11111111 1111                                      
 0141     0A      F    1   11111111 1111                                      
 0142     0B      0    1   00111111 1111                                      
 0143     0B      0    1   00111111 1111                                      
 0144     0C      F    1   00111111 1111                                      
 0145     0D      4    1   00111111 1111                                      
 0146     0E      0    1   00111111 1111                                      
 0147     0F      3    1   11111111 1111                                      
 0148     10      8    1   11111111 1111                                      
 0149     11      1    1   11111111 1111                                      
 0150     12      F    1   00111111 1111                                      
 0151     13      0    1   00111111 1111                                      
 0152     10      F    1   11111111 1111                                      
 0153     11      F    1   11111111 1111                                      
 0154     03      0    0   00111110 1111                                      
 0155     04      0    0   00111110 1111                                      
 0156     05      0    0   00111110 1111                                      
 0157     06      0    0   00111110 1111                                      
 0158     07      0    0   00111110 1111                                      
 0159     08      0    0   00111110 1111                                      
 0160     09      0    0   00111110 1111                                      
 0161     0A      0    0   00111110 1111                                      
 0162     0B      0    0   00111110 1111                                      
 0163     0C      0    0   00111110 1111                                      
 0164     03      F    0   00111110 1111                                      
 0165     04      F    0   00111110 1111                                      
 0166     05      F    0   00111110 1111                                      
 0167     06      F    0   00111110 1111                                      
 0168     07      F    0   00111110 1111                                      
 0169     08      F    0   00111110 1111                                      
 0170     09      F    0   00111110 1111                                      
 0171     0A      F    0   00111110 1111                                      
 0172     0B      F    0   00111110 1111                                      
 0173     0C      F    0   00111110 1111                                      
 0174     03      0    0   11111110 1111                                      
 0175     04      0    0   11111110 1111                                      
 0176     05      0    0   11111110 1111                                      
 0177     06      0    0   11111110 1111                                      
 0178     07      0    0   11111110 1111                                      
 0179     08      0    0   11111110 1111                                      
 0180     09      0    0   11111110 1111                                      
 0181     0A      0    0   11111110 1111                                      
 0182     0B      0    0   11111110 1111                                      
 0183     0C      0    0   11111110 1111                                      
 0184     03      F    0   11111110 1111                                      
 0185     04      F    0   11111110 1111                                      
 0186     05      F    0   11111110 1111                                      
 0187     06      F    0   11111110 1111                                      
 0188     07      F    0   11111110 1111                                      
 0189     08      F    0   11111110 1111                                      
 0190     09      F    0   11111110 1111                                      
 0191     0A      F    0   11111110 1111                                      
 0192     0B      F    0   11111110 1111                                      
 0193     0C      F    0   11111110 1111                                      
 0194     03      F    1   00111101 1111                                      
 0195     04      F    1   00111101 1111                                      
 0196     05      F    1   00111101 1111                                      
 0197     06      F    1   00111101 1111                                      
 0198     07      F    1   00111101 1111                                      
 0199     08      F    1   00111101 1111                                      
 0200     09      F    1   00111101 1111                                      
 0201     0A      F    1   00111101 1111                                      
 0202     0B      F    1   00111101 1111                                      
 0203     0C      F    1   00111101 1111                                      
 0204     01      0    1   00111101 1111                                      
 0205     02      0    1   00111101 1111                                      
 0206     03      0    1   00111101 1111                                      
 0207     04      0    1   00111101 1111                                      
 0208     05      0    1   00111101 1111                                      
 0209     06      8    1   00111101 1111                                      
 0210     07      0    1   00111101 1111                                      
 0211     08      0    1   00111101 1111                                      
 0212     09      0    1   11111101 1111                                      
 0213     0A      0    1   11111101 1111                                      
 0214     0B      0    1   11111101 1111                                      
 0215     0C      0    1   11111101 1111                                      
 0216     03      F    0   11111110 1111                                      
 0217     04      F    0   11111110 1111                                      
 0218     05      F    0   11111110 1111                                      
 0219     06      F    0   11111110 1111                                      
 0220     07      F    0   11111110 1111                                      
 0221     08      F    0   11111110 1111                                      
 0222     09      F    0   11111110 1111                                      
 0223     0A      F    0   11111110 1111                                      
 0224     0B      F    0   11111110 1111                                      
 0225     0C      F    0   11111110 1111                                      
 0226     01      0    0   00111110 1111                                      
 0227     02      0    0   00111110 1111                                      
 0228     03      0    0   00111110 1111                                      
 0229     04      0    0   00111110 1111                                      
 0230     05      0    0   00111110 1111                                      
 0231     06      0    0   00111110 1111                                      
 0232     07      0    0   00111110 1111                                      
 0233     08      0    0   00111110 1111                                      
 0234     09      0    0   00111110 1111                                      
 0235     0A      8    0   00111110 1111                                      
 0236     0B      0    0   00111110 1111                                      
 0237     0C      0    0   00111110 1111                                      
 0238     03      F    0   00111110 1111                                      
 0239     04      F    0   00111110 1111                                      
 0240     05      F    0   00111110 1111                                      
 0241     06      F    0   00111110 1111                                      
 0242     07      F    0   00111110 1111                                      
 0243     08      F    0   00111110 1111                                      
 0244     09      F    0   00111110 1111                                      
 0245     0A      F    0   00111110 1111                                      
 0246     0B      F    0   00111110 1111                                      
 0247     0C      1    0   00111110 1111                                      
 0248     0C      1    0   00111110 1111                                      
 0249     03      0    0   00111110 1111                                      
 0250     04      0    0   00111110 1111                                      
 0251     05      0    0   00111110 1111                                      
 0252     06      0    0   00111110 1111                                      
 0253     07      0    0   00111110 1111                                      
 0254     08      0    0   00111110 1111                                      
 0255     09      0    0   00111110 1111                                      
 0256     0A      0    0   11111110 1111                                      
 0257     0B      0    0   11111110 1111                                      
 0258     0C      5    0   11111110 1111                                      
 0259     03      F    1   11111101 1111                                      
 0260     04      F    1   11111101 1111                                      
 0261     05      F    1   11111101 1111                                      
 0262     06      F    1   11111101 1111                                      
 0263     07      F    1   11111101 1111                                      
 0264     08      F    1   11111101 1111                                      
 0265     09      F    1   11111101 1111                                      
 0266     0A      F    1   11111101 1111                                      
 0267     0B      F    1   11111101 1111                                      
 0268     0C      1    1   11111101 1111                                      
 0269     01      0    1   00111101 1111                                      
 0270     02      0    1   00111101 1111                                      
 0271     03      0    1   00111101 1111                                      
 0272     04      0    1   00111101 1111                                      
 0273     05      0    1   00111101 1111                                      
 0274     06      8    1   00111101 1111                                      
 0275     07      0    1   00111101 1111                                      
 0276     08      0    1   00111101 1111                                      
 0277     09      0    1   00111101 1111                                      
 0278     0A      0    1   00111101 1111                                      
 0279     0B      0    1   00111101 1111                                      
 0280     0C      5    1   00111101 1111                                      
 0281     03      F    0   11111110 1111                                      
 0282     04      F    0   11111110 1111                                      
 0283     05      F    0   11111110 1111                                      
 0284     06      F    0   11111110 1111                                      
 0285     07      F    0   11111110 1111                                      
 0286     08      F    0   11111110 1111                                      
 0287     09      F    0   11111110 1111                                      
 0288     0A      F    0   11111110 1111                                      
 0289     0B      F    0   11111110 1111                                      
 0290     0C      F    0   11111110 1111                                      
 0291     01      0    0   11111110 1111                                      
 0292     02      0    0   11111110 1111                                      
 0293     03      0    0   11111110 1111                                      
 0294     04      0    0   11111110 1111                                      
 0295     05      0    0   11111110 1111                                      
 0296     06      0    0   11111110 1111                                      
 0297     07      0    0   11111110 1111                                      
 0298     08      0    0   11111110 1111                                      
 0299     09      0    0   11111110 1111                                      
 0300     0A      8    0   11111110 1111                                      
 0301     0B      0    0   11111110 1111                                      
 0302     0C      0    0   00111110 1111                                      
 0303     03      F    0   11111110 1111                                      
 0304     04      F    0   11111110 1111                                      
 0305     05      F    0   11111110 1111                                      
 0306     06      F    0   11111110 1111                                      
 0307     07      F    0   11111110 1111                                      
 0308     08      F    0   11111110 1111                                      
 0309     09      F    0   11111110 1111                                      
 0310     0A      F    0   11111110 1111                                      
 0311     0B      4    0   11111110 1111                                      
 0312     0C      1    0   11111110 1111                                      
 0313     03      0    0   11111110 1111                                      
 0314     04      0    0   00111110 1111                                      
 0315     05      0    0   00111110 1111                                      
 0316     06      0    0   00111110 1111                                      
 0317     07      0    0   00111110 1111                                      
 0318     08      0    0   00111110 1111                                      
 0319     09      0    0   00111110 1111                                      
 0320     0A      0    0   00111110 1111                                      
 0321     0B      4    0   00111110 1111                                      
 0322     0C      5    0   00111110 1111                                      
 0323     03      F    1   00111101 1111                                      
 0324     04      F    1   00111101 1111                                      
 0325     05      F    1   00111101 1111                                      
 0326     06      F    1   00111101 1111                                      
 0327     07      F    1   11111101 1111                                      
 0328     08      F    1   11111101 1111                                      
 0329     09      F    1   11111101 1111                                      
 0330     0A      F    1   11111101 1111                                      
 0331     0B      4    1   11111101 1111                                      
 0332     0B      4    1   11111101 1111                                      
 0333     0C      1    1   11111101 1111                                      
 0334     01      0    1   11111101 1111                                      
 0335     02      0    1   11111101 1111                                      
 0336     03      0    1   11111101 1111                                      
 0337     04      0    1   11111101 1111                                      
 0338     05      0    1   11111101 1111                                      
 0339     06      8    1   11111101 1111                                      
 0340     07      0    1   11111101 1111                                      
 0341     08      0    1   11111101 1111                                      
 0342     09      0    1   11111101 1111                                      
 0343     0A      0    1   11111101 1111                                      
 0344     0B      4    1   11111101 1111                                      
 0345     0C      5    1   11111101 1111                                      
 0346     03      F    0   00111110 1111                                      
 0347     04      F    0   00111110 1111                                      
 0348     05      F    0   00111110 1111                                      
 0349     06      F    0   00111110 1111                                      
 0350     07      F    0   00111110 1111                                      
 0351     08      F    0   00111110 1111                                      
 0352     09      F    0   00111110 1111                                      
 0353     0A      F    0   00111110 1111                                      
 0354     0B      F    0   00111110 1111                                      
 0355     0C      F    0   00111110 1111                                      
 0356     01      0    0   00111110 1111                                      
 0357     02      0    0   00111110 1111                                      
 0358     03      0    0   00111110 1111                                      
 0359     04      0    0   00111110 1111                                      
 0360     05      0    0   00111110 1111                                      
 0361     06      0    0   11111110 1111                                      
 0362     07      0    0   11111110 1111                                      
 0363     08      0    0   11111110 1111                                      
 0364     09      0    0   11111110 1111                                      
 0365     0A      8    0   11111110 1111                                      
 0366     0B      0    0   11111110 1111                                      
 0367     0C      0    0   11111110 1111                                      
 0368     03      F    0   00111110 1111                                      
 0369     04      F    0   00111110 1111                                      
 0370     05      F    0   00111110 1111                                      
 0371     06      F    0   00111110 1111                                      
 0372     07      F    0   00111110 1111                                      
 0373     08      F    0   00111110 1111                                      
 0374     09      F    0   00111110 1111                                      
 0375     0A      0    0   00111110 1111                                      
 0376     0B      4    0   00111110 1111                                      
 0377     0C      1    0   00111110 1111                                      
 0378     03      0    0   11111110 1111                                      
 0379     04      0    0   11111110 1111                                      
 0380     05      0    0   11111110 1111                                      
 0381     06      0    0   11111110 1111                                      
 0382     07      0    0   11111110 1111                                      
 0383     08      0    0   11111110 1111                                      
 0384     09      0    0   11111110 1111                                      
 0385     0A      4    0   11111110 1111                                      
 0386     0B      4    0   11111110 1111                                      
 0387     0C      5    0   11111110 1111                                      
 0388     03      F    1   00111101 1111                                      
 0389     04      F    1   00111101 1111                                      
 0390     05      F    1   00111101 1111                                      
 0391     06      F    1   00111101 1111                                      
 0392     07      F    1   00111101 1111                                      
 0393     08      F    1   00111101 1111                                      
 0394     09      F    1   00111101 1111                                      
 0395     0A      0    1   00111101 1111                                      
 0396     0B      4    1   00111101 1111                                      
 0397     0C      1    1   00111101 1111                                      
 0398     01      0    1   00111101 1111                                      
 0399     02      0    1   00111101 1111                                      
 0400     03      0    1   00111101 1111                                      
 0401     04      0    1   00111101 1111                                      
 0402     05      0    1   00111101 1111                                      
 0403     06      8    1   00111101 1111                                      
 0404     07      0    1   00111101 1111                                      
 0405     08      0    1   00111101 1111                                      
 0406     09      0    1   00111101 1111                                      
 0407     0A      4    1   00111101 1111                                      
 0408     0B      4    1   00111101 1111                                      
 0409     0C      5    1   11111101 1111                                      
 0410     03      F    0   11111110 1111                                      
 0411     04      F    0   11111110 1111                                      
 0412     05      F    0   11111110 1111                                      
 0413     06      F    0   11111110 1111                                      
 0414     07      F    0   11111110 1111                                      
 0415     08      F    0   11111110 1111                                      
 0416     09      F    0   11111110 1111                                      
 0417     0A      F    0   11111110 1111                                      
 0418     0B      F    0   11111110 1111                                      
 0419     0C      F    0   11111110 1111                                      
 0420     01      0    0   00111110 1111                                      
 0421     02      0    0   00111110 1111                                      
 0422     03      0    0   00111110 1111                                      
 0423     04      0    0   00111110 1111                                      
 0424     05      0    0   00111110 1111                                      
 0425     06      0    0   00111110 1111                                      
 0426     07      0    0   00111110 1111                                      
 0427     08      0    0   00111110 1111                                      
 0428     09      0    0   00111110 1111                                      
 0429     0A      8    0   00111110 1111                                      
 0430     0B      0    0   00111110 1111                                      
 0431     0C      0    0   00111110 1111                                      
 0432     03      F    0   11111110 1111                                      
 0433     04      F    0   11111110 1111                                      
 0434     05      F    0   11111110 1111                                      
 0435     06      F    0   11111110 1111                                      
 0436     07      F    0   11111110 1111                                      
 0437     08      F    0   11111110 1111                                      
 0438     09      3    0   11111110 1111                                      
 0439     0A      0    0   11111110 1111                                      
 0440     0B      4    0   00111110 1111                                      
 0441     0C      1    0   00111110 1111                                      
 0442     03      0    0   00111110 1111                                      
 0443     04      0    0   00111110 1111                                      
 0444     05      0    0   00111110 1111                                      
 0445     06      0    0   00111110 1111                                      
 0446     07      0    0   00111110 1111                                      
 0447     08      0    0   00111110 1111                                      
 0448     09      4    0   00111110 1111                                      
 0449     0A      4    0   00111110 1111                                      
 0450     0B      4    0   00111110 1111                                      
 0451     0C      5    0   00111110 1111                                      
 0452     03      F    1   11111101 1111                                      
 0453     04      F    1   11111101 1111                                      
 0454     05      F    1   11111101 1111                                      
 0455     06      F    1   11111101 1111                                      
 0456     07      F    1   11111101 1111                                      
 0457     08      F    1   11111101 1111                                      
 0458     09      3    1   11111101 1111                                      
 0459     0A      0    1   11111101 1111                                      
 0460     0B      4    1   11111101 1111                                      
 0461     0C      1    1   11111101 1111                                      
 0462     01      0    1   11111101 1111                                      
 0463     02      0    1   11111101 1111                                      
 0464     03      0    1   11111101 1111                                      
 0465     04      0    1   11111101 1111                                      
 0466     05      0    1   11111101 1111                                      
 0467     06      8    1   00111101 1111                                      
 0468     07      0    1   00111101 1111                                      
 0469     08      0    1   00111101 1111                                      
 0470     09      4    1   00111101 1111                                      
 0471     0A      4    1   00111101 1111                                      
 0472     0B      4    1   00111101 1111                                      
 0473     0C      5    1   00111101 1111                                      
 0474     03      F    0   00111110 1111                                      
 0475     04      F    0   00111110 1111                                      
 0476     05      F    0   00111110 1111                                      
 0477     06      F    0   00111110 1111                                      
 0478     07      F    0   00111110 1111                                      
 0479     08      F    0   00111110 1111                                      
 0480     09      F    0   00111110 1111                                      
 0481     0A      F    0   00111110 1111                                      
 0482     0B      F    0   00111110 1111                                      
 0483     0C      F    0   00111110 1111                                      
 0484     01      0    0   11111110 1111                                      
 0485     02      0    0   11111110 1111                                      
 0486     03      0    0   11111110 1111                                      
 0487     04      0    0   11111110 1111                                      
 0488     05      0    0   11111110 1111                                      
 0489     06      0    0   11111110 1111                                      
 0490     07      0    0   11111110 1111                                      
 0491     08      0    0   11111110 1111                                      
 0492     09      0    0   11111110 1111                                      
 0493     0A      8    0   11111110 1111                                      
 0494     0B      0    0   11111110 1111                                      
 0495     0C      0    0   11111110 1111                                      
 0496     03      F    0   00111110 1111                                      
 0497     04      F    0   00111110 1111                                      
 0498     05      F    0   11111110 1111                                      
 0499     06      F    0   11111110 1111                                      
 0500     07      F    0   11111110 1111                                      
 0501     08      8    0   11111110 1111                                      
 0502     09      0    0   11111110 1111                                      
 0503     09      3    0   11111110 1111                                      
 0504     0A      0    0   11111110 1111                                      
 0505     0B      4    0   11111110 1111                                      
 0506     0C      1    0   11111110 1111                                      
 0507     03      0    0   11111110 1111                                      
 0508     04      0    0   11111110 1111                                      
 0509     05      0    0   11111110 1111                                      
 0510     06      0    0   11111110 1111                                      
 0511     07      0    0   11111110 1111                                      
 0512     08      5    0   11111110 1111                                      
 0513     09      4    0   11111110 1111                                      
 0514     0A      4    0   11111110 1111                                      
 0515     0B      4    0   11111110 1111                                      
 0516     0C      5    0   11111110 1111                                      
 0517     03      F    1   00111101 1111                                      
 0518     04      F    1   00111101 1111                                      
 0519     05      F    1   00111101 1111                                      
 0520     06      F    1   00111101 1111                                      
 0521     07      F    1   00111101 1111                                      
 0522     08      8    1   00111101 1111                                      
 0523     08      8    1   00111101 1111                                      
 0524     09      0    1   00111101 1111                                      
 0525     09      3    1   00111101 1111                                      
 0526     0A      0    1   00111101 1111                                      
 0527     0B      4    1   00111101 1111                                      
 0528     0C      1    1   00111101 1111                                      
 0529     01      0    1   11111101 1111                                      
 0530     02      0    1   11111101 1111                                      
 0531     03      0    1   11111101 1111                                      
 0532     04      0    1   11111101 1111                                      
 0533     05      0    1   11111101 1111                                      
 0534     06      8    1   11111101 1111                                      
 0535     07      0    1   11111101 1111                                      
 0536     07      0    1   11111101 1111                                      
 0537     08      5    1   11111101 1111                                      
 0538     09      4    1   11111101 1111                                      
 0539     0A      4    1   11111101 1111                                      
 0540     0B      4    1   11111101 1111                                      
 0541     0C      5    1   11111101 1111                                      
 0542     03      F    0   11111110 1111                                      
 0543     04      F    0   11111110 1111                                      
 0544     05      F    0   11111110 1111                                      
 0545     06      F    0   11111110 1111                                      
 0546     07      F    0   11111110 1111                                      
 0547     08      F    0   11111110 1111                                      
 0548     09      F    0   11111110 1111                                      
 0549     0A      F    0   11111110 1111                                      
 0550     0B      F    0   11111110 1111                                      
 0551     0C      F    0   00111110 1111                                      
 0552     01      0    0   00111110 1111                                      
 0553     02      0    0   00111110 1111                                      
 0554     03      0    0   00111110 1111                                      
 0555     04      0    0   00111110 1111                                      
 0556     05      0    0   00111110 1111                                      
 0557     06      0    0   00111110 1111                                      
 0558     07      0    0   00111110 1111                                      
 0559     08      0    0   00111110 1111                                      
 0560     09      0    0   00111110 1111                                      
 0561     0A      8    0   00111110 1111                                      
 0562     0B      0    0   00111110 1111                                      
 0563     0C      0    0   00111110 1111                                      
 0564     03      F    0   00111110 1111                                      
 0565     04      F    0   00111110 1111                                      
 0566     05      F    0   00111110 1111                                      
 0567     06      F    0   00111110 1111                                      
 0568     07      F    0   00111110 1111                                      
 0569     08      8    0   00111110 1111                                      
 0570     09      3    0   00111110 1111                                      
 0571     0A      0    0   00111110 1111                                      
 0572     0B      4    0   00111110 1111                                      
 0573     0C      1    0   00111110 1111                                      
 0574     03      0    0   00111110 1111                                      
 0575     04      0    0   00111110 1111                                      
 0576     05      0    0   00111110 1111                                      
 0577     06      0    0   00111110 1111                                      
 0578     07      0    0   00111110 1111                                      
 0579     08      5    0   00111110 1111                                      
 0580     09      4    0   00111110 1111                                      
 0581     0A      4    0   00111110 1111                                      
 0582     0B      4    0   00111110 1111                                      
 0583     0C      5    0   00111110 1111                                      
 0584     03      F    1   11111101 1111                                      
 0585     04      F    1   11111101 1111                                      
 0586     05      F    1   11111101 1111                                      
 0587     06      F    1   11111101 1111                                      
 0588     07      F    1   11111101 1111                                      
 0589     08      8    1   11111101 1111                                      
 0590     09      0    1   11111101 1111                                      
 0591     09      3    1   11111101 1111                                      
 0592     0A      0    1   11111101 1111                                      
 0593     0B      4    1   11111101 1111                                      
 0594     0C      1    1   11111101 1111                                      
 0595     01      0    1   00111101 1111                                      
 0596     02      0    1   00111101 1111                                      
 0597     03      0    1   00111101 1111                                      
 0598     04      0    1   00111101 1111                                      
 0599     05      0    1   00111101 1111                                      
 0600     06      8    1   00111101 1111                                      
 0601     07      0    1   00111101 1111                                      
 0602     07      0    1   00111101 1111                                      
 0603     08      5    1   00111101 1111                                      
 0604     09      4    1   00111101 1111                                      
 0605     0A      4    1   00111101 1111                                      
 0606     0B      4    1   00111101 1111                                      
 0607     0C      5    1   00111101 1111                                      
 0608     03      F    0   00111110 1111                                      
 0609     04      F    0   00111110 1111                                      
 0610     05      F    0   00111110 1111                                      
 0611     06      F    0   11111110 1111                                      
 0612     07      F    0   11111110 1111                                      
 0613     08      F    0   11111110 1111                                      
 0614     09      F    0   11111110 1111                                      
 0615     0A      F    0   11111110 1111                                      
 0616     0B      F    0   11111110 1111                                      
 0617     0C      F    0   11111110 1111                                      
 0618     01      0    0   11111110 1111                                      
 0619     02      0    0   11111110 1111                                      
 0620     03      0    0   11111110 1111                                      
 0621     04      0    0   11111110 1111                                      
 0622     05      0    0   11111110 1111                                      
 0623     06      0    0   11111110 1111                                      
 0624     07      0    0   11111110 1111                                      
 0625     08      0    0   11111110 1111                                      
 0626     09      0    0   11111110 1111                                      
 0627     0A      8    0   11111110 1111                                      
 0628     0B      0    0   11111110 1111                                      
 0629     0C      0    0   11111110 1111                                      
 0630     03      F    0   11111110 1111                                      
 0631     04      F    0   11111110 1111                                      
 0632     05      F    0   11111110 1111                                      
 0633     06      F    0   11111110 1111                                      
 0634     07      F    0   11111110 1111                                      
 0635     08      8    0   11111110 1111                                      
 0636     09      0    0   11111110 1111                                      
 0637     09      3    0   11111110 1111                                      
 0638     0A      0    0   11111110 1111                                      
 0639     0B      4    0   11111110 1111                                      
 0640     0C      1    0   11111110 1111                                      
 0641     03      0    0   11111110 1111                                      
 0642     04      0    0   11111110 1111                                      
 0643     05      0    0   11111110 1111                                      
 0644     06      4    0   11111110 1111                                      
 0645     07      0    0   11111110 1111                                      
 0646     08      5    0   11111110 1111                                      
 0647     09      4    0   00111110 1111                                      
 0648     0A      4    0   00111110 1111                                      
 0649     0B      4    0   00111110 1111                                      
 0650     0C      5    0   00111110 1111                                      
 0651     03      F    1   00111101 1111                                      
 0652     04      F    1   00111101 1111                                      
 0653     05      F    1   00111101 1111                                      
 0654     06      F    1   00111101 1111                                      
 0655     07      F    1   00111101 1111                                      
 0656     08      8    1   00111101 1111                                      
 0657     08      8    1   00111101 1111                                      
 0658     09      0    1   00111101 1111                                      
 0659     09      3    1   00111101 1111                                      
 0660     0A      0    1   00111101 1111                                      
 0661     0B      4    1   00111101 1111                                      
 0662     0C      1    1   11111101 1111                                      
 0663     01      0    1   11111101 1111                                      
 0664     02      0    1   11111101 1111                                      
 0665     03      0    1   11111101 1111                                      
 0666     04      0    1   11111101 1111                                      
 0667     05      0    1   11111101 1111                                      
 0668     06      C    1   11111101 1111                                      
 0669     07      0    1   11111101 1111                                      
 0670     08      5    1   11111101 1111                                      
 0671     09      4    1   11111101 1111                                      
 0672     0A      4    1   11111101 1111                                      
 0673     0B      4    1   11111101 1111                                      
 0674     0C      5    1   11111101 1111                                      
 0675     03      F    0   00111110 1111                                      
 0676     04      F    0   00111110 1111                                      
 0677     05      F    0   00111110 1111                                      
 0678     06      F    0   00111110 1111                                      
 0679     07      F    0   00111110 1111                                      
 0680     08      F    0   00111110 1111                                      
 0681     09      F    0   00111110 1111                                      
 0682     0A      F    0   00111110 1111                                      
 0683     0B      F    0   00111110 1111                                      
 0684     0C      F    0   00111110 1111                                      
 0685     01      0    0   00111110 1111                                      
 0686     02      0    0   00111110 1111                                      
 0687     03      0    0   00111110 1111                                      
 0688     04      0    0   00111110 1111                                      
 0689     05      0    0   00111110 1111                                      
 0690     06      0    0   00111110 1111                                      
 0691     07      0    0   00111110 1111                                      
 0692     08      0    0   00111110 1111                                      
 0693     09      0    0   00111110 1111                                      
 0694     0A      8    0   00111110 1111                                      
 0695     0B      0    0   11111110 1111                                      
 0696     0C      0    0   11111110 1111                                      
 0697     03      F    0   00111110 1111                                      
 0698     04      F    0   00111110 1111                                      
 0699     05      0    0   00111110 1111                                      
 0700     05      0    0   00111110 1111                                      
 0701     06      F    0   00111110 1111                                      
 0702     07      F    0   00111110 1111                                      
 0703     08      8    0   00111110 1111                                      
 0704     09      3    0   00111110 1111                                      
 0705     0A      0    0   00111110 1111                                      
 0706     0B      4    0   00111110 1111                                      
 0707     0C      1    0   00111110 1111                                      
 0708     03      0    0   11111110 1111                                      
 0709     04      0    0   11111110 1111                                      
 0710     05      3    0   11111110 1111                                      
 0711     06      4    0   11111110 1111                                      
 0712     07      0    0   11111110 1111                                      
 0713     08      5    0   11111110 1111                                      
 0714     09      4    0   11111110 1111                                      
 0715     0A      4    0   11111110 1111                                      
 0716     0B      4    0   11111110 1111                                      
 0717     0C      5    0   11111110 1111                                      
 0718     03      F    1   11111101 1111                                      
 0719     04      F    1   11111101 1111                                      
 0720     05      0    1   11111101 1111                                      
 0721     06      F    1   00111101 1111                                      
 0722     07      F    1   00111101 1111                                      
 0723     08      8    1   00111101 1111                                      
 0724     09      0    1   00111101 1111                                      
 0725     09      3    1   00111101 1111                                      
 0726     0A      0    1   00111101 1111                                      
 0727     0B      4    1   00111101 1111                                      
 0728     0C      1    1   00111101 1111                                      
 0729     01      0    1   00111101 1111                                      
 0730     02      0    1   00111101 1111                                      
 0731     03      0    1   00111101 1111                                      
 0732     04      0    1   00111101 1111                                      
 0733     05      3    1   00111101 1111                                      
 0734     06      C    1   00111101 1111                                      
 0735     07      0    1   00111101 1111                                      
 0736     08      5    1   00111101 1111                                      
 0737     09      4    1   00111101 1111                                      
 0738     0A      4    1   00111101 1111                                      
 0739     0B      4    1   00111101 1111                                      
 0740     0C      5    1   00111101 1111                                      
 0741     03      F    0   11111110 1111                                      
 0742     04      F    0   11111110 1111                                      
 0743     05      F    0   11111110 1111                                      
 0744     06      F    0   11111110 1111                                      
 0745     07      F    0   11111110 1111                                      
 0746     08      F    0   11111110 1111                                      
 0747     09      F    0   11111110 1111                                      
 0748     0A      F    0   11111110 1111                                      
 0749     0B      F    0   11111110 1111                                      
 0750     0C      F    0   11111110 1111                                      
 0751     01      0    0   11111110 1111                                      
 0752     02      0    0   11111110 1111                                      
 0753     03      0    0   11111110 1111                                      
 0754     04      0    0   11111110 1111                                      
 0755     05      0    0   00111110 1111                                      
 0756     06      0    0   00111110 1111                                      
 0757     07      0    0   00111110 1111                                      
 0758     08      0    0   00111110 1111                                      
 0759     09      0    0   00111110 1111                                      
 0760     0A      8    0   00111110 1111                                      
 0761     0B      0    0   00111110 1111                                      
 0762     0C      0    0   00111110 1111                                      
 0763     0D      0    1   11111101 1111                                      
 0764     00      0    0   00111110 1111                                      
 0765     00      0    0   00111110 1111                                      
 0766     01      8    0   00111110 1111                                      
 0767     02      6    0   00111110 1111                                      
 0768     03      1    0   00111110 1111                                      
 0769     01      B    1   11111101 1111                                      
 0770     02      B    1   11111101 1111                                      
 0771     03      F    1   11111101 1111                                      
 0772     04      F    1   11111101 1111                                      
 0773     05      0    1   11111101 1111                                      
 0774     06      F    1   11111101 1111                                      
 0775     07      F    1   11111101 1111                                      
 0776     08      8    1   11111101 1111                                      
 0777     08      8    1   11111101 1111                                      
 0778     09      3    1   11111101 1111                                      
 0779     0A      0    1   11111101 1111                                      
 0780     0B      4    1   11111101 1111                                      
 0781     0C      1    1   11111101 1111                                      
 0782     01      0    1   00111101 1111                                      
 0783     02      0    1   00111101 1111                                      
 0784     03      0    1   00111101 1111                                      
 0785     04      0    1   00111101 1111                                      
 0786     05      3    1   00111101 1111                                      
 0787     06      C    1   00111101 1111                                      
 0788     07      0    1   00111101 1111                                      
 0789     08      5    1   00111101 1111                                      
 0790     09      4    1   00111101 1111                                      
 0791     0A      4    1   00111101 1111                                      
 0792     0B      4    1   00111101 1111                                      
 0793     0C      5    1   00111101 1111                                      
 0794     01      B    0   00111110 1111                                      
 0795     02      B    0   00111110 1111                                      
 0796     03      F    0   00111110 1111                                      
 0797     04      F    0   11111110 1111                                      
 0798     05      F    0   11111110 1111                                      
 0799     06      F    0   11111110 1111                                      
 0800     07      F    0   11111110 1111                                      
 0801     08      F    0   11111110 1111                                      
 0802     09      F    0   11111110 1111                                      
 0803     0A      F    0   11111110 1111                                      
 0804     0B      F    0   11111110 1111                                      
 0805     0C      F    0   11111110 1111                                      
 0806     01      0    0   11111110 1111                                      
 0807     02      0    0   11111110 1111                                      
 0808     03      0    0   11111110 1111                                      
 0809     04      0    0   11111110 1111                                      
 0810     05      0    0   11111110 1111                                      
 0811     06      0    0   11111110 1111                                      
 0812     07      0    0   00111110 1111                                      
 0813     08      0    0   00111110 1111                                      
 0814     09      0    0   00111110 1111                                      
 0815     0A      8    0   00111110 1111                                      
 0816     0B      0    0   00111110 1111                                      
 0817     7F      F    0   00000000 0000                                      
 0818     7F      F    0   00000000 0000                                      
 0819     7F      F    0   00000000 0000                                      
 0820     7F      F    0   00000000 0000                                      
 0821     7F      F    0   00000000 0000                                      
 0822     7F      F    0   00000000 0000                                      
 0823     7F      F    0   00000000 0000                                      
 0824     7F      F    0   00000000 0000                                      
 0825     7F      F    0   00000000 0000                                      
 0826     7F      F    0   00000000 0000                                      
 0827     7F      F    0   00000000 0000                                      
 0828     7F      F    0   00000000 0000                                      
 0829     7F      F    0   00000000 0000                                      
 0830     7F      F    0   00000000 0000                                      
 0831     7F      F    0   00000000 0000                                      
