 STATE LISTING OF AQU MEM  
  POS         ADDR    DATA   WE  OP       CE    
 0000 T   7F      0    0   0        111100 1111                               
 0001     7E      C    0   0        111100 1111                               
 0002     7D      0    0   0        111100 1111                               
 0003     7C      3    0   0        111100 1111                               
 0004     7E      0    0   0        111100 1111                               
 0005     7D      0    0   0        111100 1111                               
 0006     7C      0    0   0        111100 1111                               
 0007     7B      0    0   0        111100 1111                               
 0008     7A      0    0   0        111100 1111                               
 0009     79      0    0   0        111100 1111                               
 0010     78      0    0   0        111100 1111                               
 0011     77      0    0   0        111100 1111                               
 0012     76      0    0   0        111100 1111                               
 0013     75      0    0   0        111100 1111                               
 0014     74      0    0   0        111100 1111                               
 0015     73      0    0   0        111100 1111                               
 0016     7E      0    0   0        111100 1111                               
 0017     7D      0    0   0        111100 1111                               
 0018     7C      0    0   0        111100 1111                               
 0019     7B      0    0   0        111100 1111                               
 0020     7A      0    0   0        111100 1111                               
 0021     79      0    0   0        111100 1111                               
 0022     78      0    0   0        111100 1111                               
 0023     77      0    0   0        111100 1111                               
 0024     76      0    0   0        111100 1111                               
 0025     75      0    0   0        111100 1111                               
 0026     74      0    0   0        111100 1111                               
 0027     73      0    0   0        111100 1111                               
 0028     7F      0    1   0        111101 1111                               
 0029     7E      C    1   0        111101 1111                               
 0030     7D      0    1   0        111101 1111                               
 0031     7C      4    1   0        111101 1111                               
 0032     7B      0    1   0        111101 1111                               
 0033     7A      4    1   0        111101 1111                               
 0034     79      4    1   0        111101 1111                               
 0035     78      5    1   0        111101 1111                               
 0036     77      9    1   0        111101 1111                               
 0037     76      1    1   0        111101 1111                               
 0038     75      3    1   0        111101 1111                               
 0039     74      6    1   0        111101 1111                               
 0040     73      3    1   0        111101 1111                               
 0041     72      F    1   0        111101 1111                               
 0042     71      0    1   0        111101 1111                               
 0043     70      E    1   0        111101 1111                               
 0044     7F      1    1   0        111101 1111                               
 0045     7E      F    1   0        111101 1111                               
 0046     7D      0    1   0        111101 1111                               
 0047     7D      0    1   0        111101 1111                               
 0048     7C      0    1   0        111101 1111                               
 0049     7B      0    1   0        111101 1111                               
 0050     7A      0    1   0        111101 1111                               
 0051     79      2    1   0        111101 1111                               
 0052     78      1    1   0        111101 1111                               
 0053     77      0    1   0        111101 1111                               
 0054     76      6    1   0        111101 1111                               
 0055     75      1    1   0        111101 1111                               
 0056     74      E    1   0        111101 1111                               
 0057     72      0    1   0        111101 1111                               
 0058     72      0    1   0        111101 1111                               
 0059     71      0    1   0        111101 1111                               
 0060     70      5    1   0        111101 1111                               
 0061     7F      0    1   0        111111 1111                               
 0062     7F      0    1   0        111111 1111                               
 0063     7E      0    1   0        111111 1111                               
 0064     7D      0    1   0        111111 1111                               
 0065     7C      0    1   0        111111 1111                               
 0066     7B      1    1   0        111111 1111                               
 0067     7A      4    1   0        111111 1111                               
 0068     79      4    1   0        111111 1111                               
 0069     78      5    1   0        111111 1111                               
 0070     70      E    1   0        111101 1111                               
 0071     7F      0    1   0        111101 1111                               
 0072     7F      0    1   0        111101 1111                               
 0073     7E      4    1   0        111101 1111                               
 0074     7D      1    1   0        111101 1111                               
 0075     77      5    1   0        111101 1111                               
 0076     76      0    1   0        111101 1111                               
 0077     75      0    1   0        111101 1111                               
 0078     41      F    1   0        111111 1111                               
 0079     40      F    1   0        111111 1111                               
 0080     7F      F    1   0        111101 1111                               
 0081     7E      F    1   0        111101 1111                               
 0082     7D      1    1   0        111101 1111                               
 0083     7C      0    1   0        111101 1111                               
 0084     7B      0    1   0        111101 1111                               
 0085     7A      0    1   0        111101 1111                               
 0086     79      0    1   0        111101 1111                               
 0087     78      4    1   0        111101 1111                               
 0088     77      1    1   0        111101 1111                               
 0089     76      0    1   0        111101 1111                               
 0090     76      6    1   0        111101 1111                               
 0091     75      1    1   0        111101 1111                               
 0092     74      E    1   0        111101 1111                               
 0093     7F      9    1   0        111101 1111                               
 0094     7E      9    1   0        111101 1111                               
 0095     7D      0    1   0        111101 1111                               
 0096     7C      3    1   0        111101 1111                               
 0097     7B      0    1   0        111101 1111                               
 0098     7A      9    1   0        111101 1111                               
 0099     79      1    1   0        111101 1111                               
 0100     78      8    1   0        111101 1111                               
 0101     77      4    1   0        111101 1111                               
 0102     76      4    1   0        111101 1111                               
 0103     75      9    1   0        111101 1111                               
 0104     74      2    1   0        111101 1111                               
 0105     73      4    1   0        111101 1111                               
 0106     72      3    1   0        111101 1111                               
 0107     71      4    1   0        111101 1111                               
 0108     70      0    1   0        111101 1111                               
 0109     7F      0    1   0        111111 1111                               
 0110     7E      0    1   0        111111 1111                               
 0111     7D      0    1   0        111111 1111                               
 0112     7C      0    1   0        111111 1111                               
 0113     7B      1    1   0        111111 1111                               
 0114     7A      9    1   0        111111 1111                               
 0115     79      1    1   0        111111 1111                               
 0116     78      8    1   0        111111 1111                               
 0117     77      4    1   0        111111 1111                               
 0118     76      4    1   0        111111 1111                               
 0119     75      9    1   0        111111 1111                               
 0120     74      2    1   0        111111 1111                               
 0121     73      4    1   0        111111 1111                               
 0122     72      3    1   0        111111 1111                               
 0123     71      4    1   0        111111 1111                               
 0124     70      0    1   0        111111 1111                               
 0125     72      0    1   0        111101 1111                               
 0126     78      F    0   0        111110 1111                               
 0127     7F      0    0   0        111110 1111                               
 0128     7A      F    0   0        111110 1111                               
 0129     74      F    0   0        111110 1111                               
 0130     70      F    0   0        111110 1111                               
 0131     7F      1    1   0        111111 1111                               
 0132     7E      5    1   0        111111 1111                               
 0133     7D      4    1   0        111111 1111                               
 0134     7C      4    1   0        111111 1111                               
 0135     7B      0    1   0        111111 1111                               
 0136     7A      4    1   0        111111 1111                               
 0137     79      3    1   0        111111 1111                               
 0138     78      4    1   0        111111 1111                               
 0139     77      8    1   0        111111 1111                               
 0140     76      5    1   0        111111 1111                               
 0141     75      F    1   0        111111 1111                               
 0142     74      0    1   0        111111 1111                               
 0143     73      F    1   0        111111 1111                               
 0144     72      4    1   0        111111 1111                               
 0145     71      0    1   0        111111 1111                               
 0146     70      3    1   0        111111 1111                               
 0147     6F      8    1   0        111111 1111                               
 0148     6E      1    1   0        111111 1111                               
 0149     6D      F    1   0        111111 1111                               
 0150     6C      0    1   0        111111 1111                               
 0151     6F      F    1   0        111111 1111                               
 0152     6E      F    1   0        111111 1111                               
 0153     7C      0    0   0        111110 1111                               
 0154     7B      0    0   0        111110 1111                               
 0155     7A      0    0   0        111110 1111                               
 0156     79      0    0   0        111110 1111                               
 0157     78      0    0   0        111110 1111                               
 0158     77      0    0   0        111110 1111                               
 0159     76      0    0   0        111110 1111                               
 0160     75      0    0   0        111110 1111                               
 0161     74      0    0   0        111110 1111                               
 0162     73      0    0   0        111110 1111                               
 0163     7C      F    0   0        111110 1111                               
 0164     7B      F    0   0        111110 1111                               
 0165     7A      F    0   0        111110 1111                               
 0166     79      F    0   0        111110 1111                               
 0167     78      F    0   0        111110 1111                               
 0168     77      F    0   0        111110 1111                               
 0169     76      F    0   0        111110 1111                               
 0170     75      F    0   0        111110 1111                               
 0171     74      F    0   0        111110 1111                               
 0172     73      F    0   0        111110 1111                               
 0173     7C      0    0   0        111110 1111                               
 0174     7B      0    0   0        111110 1111                               
 0175     7A      0    0   0        111110 1111                               
 0176     79      0    0   0        111110 1111                               
 0177     78      0    0   0        111110 1111                               
 0178     77      0    0   0        111110 1111                               
 0179     76      0    0   0        111110 1111                               
 0180     75      0    0   0        111110 1111                               
 0181     74      0    0   0        111110 1111                               
 0182     73      0    0   0        111110 1111                               
 0183     7C      F    0   0        111110 1111                               
 0184     7B      F    0   0        111110 1111                               
 0185     7A      F    0   0        111110 1111                               
 0186     79      F    0   0        111110 1111                               
 0187     78      F    0   0        111110 1111                               
 0188     77      F    0   0        111110 1111                               
 0189     76      F    0   0        111110 1111                               
 0190     75      F    0   0        111110 1111                               
 0191     74      F    0   0        111110 1111                               
 0192     73      F    0   0        111110 1111                               
 0193     7C      F    1   0        111101 1111                               
 0194     7B      F    1   0        111101 1111                               
 0195     7A      F    1   0        111101 1111                               
 0196     79      F    1   0        111101 1111                               
 0197     78      F    1   0        111101 1111                               
 0198     77      F    1   0        111101 1111                               
 0199     76      F    1   0        111101 1111                               
 0200     75      F    1   0        111101 1111                               
 0201     74      F    1   0        111101 1111                               
 0202     73      F    1   0        111101 1111                               
 0203     7E      0    1   0        111101 1111                               
 0204     7D      0    1   0        111101 1111                               
 0205     7C      0    1   0        111101 1111                               
 0206     7B      0    1   0        111101 1111                               
 0207     7A      0    1   0        111101 1111                               
 0208     79      8    1   0        111101 1111                               
 0209     78      0    1   0        111101 1111                               
 0210     77      0    1   0        111101 1111                               
 0211     76      0    1   0        111101 1111                               
 0212     75      0    1   0        111101 1111                               
 0213     74      0    1   0        111101 1111                               
 0214     73      0    1   0        111101 1111                               
 0215     7C      F    0   0        111110 1111                               
 0216     7B      F    0   0        111110 1111                               
 0217     7A      F    0   0        111110 1111                               
 0218     79      F    0   0        111110 1111                               
 0219     78      F    0   0        111110 1111                               
 0220     77      F    0   0        111110 1111                               
 0221     76      F    0   0        111110 1111                               
 0222     75      F    0   0        111110 1111                               
 0223     74      F    0   0        111110 1111                               
 0224     73      F    0   0        111110 1111                               
 0225     7E      0    0   0        111110 1111                               
 0226     7D      0    0   0        111110 1111                               
 0227     7C      0    0   0        111110 1111                               
 0228     7B      0    0   0        111110 1111                               
 0229     7A      0    0   0        111110 1111                               
 0230     79      0    0   0        111110 1111                               
 0231     78      0    0   0        111110 1111                               
 0232     77      0    0   0        111110 1111                               
 0233     76      0    0   0        111110 1111                               
 0234     75      8    0   0        111110 1111                               
 0235     74      0    0   0        111110 1111                               
 0236     73      0    0   0        111110 1111                               
 0237     7C      F    0   0        111110 1111                               
 0238     7B      F    0   0        111110 1111                               
 0239     7A      F    0   0        111110 1111                               
 0240     79      F    0   0        111110 1111                               
 0241     78      F    0   0        111110 1111                               
 0242     77      F    0   0        111110 1111                               
 0243     76      F    0   0        111110 1111                               
 0244     75      F    0   0        111110 1111                               
 0245     74      F    0   0        111110 1111                               
 0246     73      1    0   0        111110 1111                               
 0247     73      1    0   0        111110 1111                               
 0248     7C      0    0   0        111110 1111                               
 0249     7B      0    0   0        111110 1111                               
 0250     7A      0    0   0        111110 1111                               
 0251     79      0    0   0        111110 1111                               
 0252     78      0    0   0        111110 1111                               
 0253     77      0    0   0        111110 1111                               
 0254     76      0    0   0        111110 1111                               
 0255     75      0    0   0        111110 1111                               
 0256     74      0    0   0        111110 1111                               
 0257     73      5    0   0        111110 1111                               
 0258     7C      F    1   0        111101 1111                               
 0259     7B      F    1   0        111101 1111                               
 0260     7A      F    1   0        111101 1111                               
 0261     79      F    1   0        111101 1111                               
 0262     78      F    1   0        111101 1111                               
 0263     77      F    1   0        111101 1111                               
 0264     76      F    1   0        111101 1111                               
 0265     75      F    1   0        111101 1111                               
 0266     74      F    1   0        111101 1111                               
 0267     73      1    1   0        111101 1111                               
 0268     7E      0    1   0        111101 1111                               
 0269     7D      0    1   0        111101 1111                               
 0270     7C      0    1   0        111101 1111                               
 0271     7B      0    1   0        111101 1111                               
 0272     7A      0    1   0        111101 1111                               
 0273     79      8    1   0        111101 1111                               
 0274     78      0    1   0        111101 1111                               
 0275     77      0    1   0        111101 1111                               
 0276     76      0    1   0        111101 1111                               
 0277     75      0    1   0        111101 1111                               
 0278     74      0    1   0        111101 1111                               
 0279     73      5    1   0        111101 1111                               
 0280     7C      F    0   0        111110 1111                               
 0281     7B      F    0   0        111110 1111                               
 0282     7A      F    0   0        111110 1111                               
 0283     79      F    0   0        111110 1111                               
 0284     78      F    0   0        111110 1111                               
 0285     77      F    0   0        111110 1111                               
 0286     76      F    0   0        111110 1111                               
 0287     75      F    0   0        111110 1111                               
 0288     74      F    0   0        111110 1111                               
 0289     73      F    0   0        111110 1111                               
 0290     7E      0    0   0        111110 1111                               
 0291     7D      0    0   0        111110 1111                               
 0292     7C      0    0   0        111110 1111                               
 0293     7B      0    0   0        111110 1111                               
 0294     7A      0    0   0        111110 1111                               
 0295     79      0    0   0        111110 1111                               
 0296     78      0    0   0        111110 1111                               
 0297     77      0    0   0        111110 1111                               
 0298     76      0    0   0        111110 1111                               
 0299     75      8    0   0        111110 1111                               
 0300     74      0    0   0        111110 1111                               
 0301     73      0    0   0        111110 1111                               
 0302     7C      F    0   0        111110 1111                               
 0303     7B      F    0   0        111110 1111                               
 0304     7A      F    0   0        111110 1111                               
 0305     79      F    0   0        111110 1111                               
 0306     78      F    0   0        111110 1111                               
 0307     77      F    0   0        111110 1111                               
 0308     76      F    0   0        111110 1111                               
 0309     75      F    0   0        111110 1111                               
 0310     74      4    0   0        111110 1111                               
 0311     73      1    0   0        111110 1111                               
 0312     7C      0    0   0        111110 1111                               
 0313     7B      0    0   0        111110 1111                               
 0314     7A      0    0   0        111110 1111                               
 0315     79      0    0   0        111110 1111                               
 0316     78      0    0   0        111110 1111                               
 0317     77      0    0   0        111110 1111                               
 0318     76      0    0   0        111110 1111                               
 0319     75      0    0   0        111110 1111                               
 0320     74      4    0   0        111110 1111                               
 0321     73      5    0   0        111110 1111                               
 0322     7C      F    1   0        111101 1111                               
 0323     7B      F    1   0        111101 1111                               
 0324     7A      F    1   0        111101 1111                               
 0325     79      F    1   0        111101 1111                               
 0326     78      F    1   0        111101 1111                               
 0327     77      F    1   0        111101 1111                               
 0328     76      F    1   0        111101 1111                               
 0329     75      F    1   0        111101 1111                               
 0330     74      4    1   0        111101 1111                               
 0331     73      1    1   0        111101 1111                               
 0332     7E      0    1   0        111101 1111                               
 0333     7D      0    1   0        111101 1111                               
 0334     7C      0    1   0        111101 1111                               
 0335     7B      0    1   0        111101 1111                               
 0336     7A      0    1   0        111101 1111                               
 0337     79      8    1   0        111101 1111                               
 0338     78      0    1   0        111101 1111                               
 0339     77      0    1   0        111101 1111                               
 0340     76      0    1   0        111101 1111                               
 0341     75      0    1   0        111101 1111                               
 0342     74      4    1   0        111101 1111                               
 0343     73      5    1   0        111101 1111                               
 0344     7C      F    0   0        111110 1111                               
 0345     7B      F    0   0        111110 1111                               
 0346     7A      F    0   0        111110 1111                               
 0347     79      F    0   0        111110 1111                               
 0348     78      F    0   0        111110 1111                               
 0349     77      F    0   0        111110 1111                               
 0350     76      F    0   0        111110 1111                               
 0351     75      F    0   0        111110 1111                               
 0352     74      F    0   0        111110 1111                               
 0353     73      F    0   0        111110 1111                               
 0354     7E      0    0   0        111110 1111                               
 0355     7D      0    0   0        111110 1111                               
 0356     7C      0    0   0        111110 1111                               
 0357     7B      0    0   0        111110 1111                               
 0358     7A      0    0   0        111110 1111                               
 0359     79      0    0   0        111110 1111                               
 0360     78      0    0   0        111110 1111                               
 0361     77      0    0   0        111110 1111                               
 0362     76      0    0   0        111110 1111                               
 0363     75      8    0   0        111110 1111                               
 0364     74      0    0   0        111110 1111                               
 0365     73      0    0   0        111110 1111                               
 0366     7C      F    0   0        111110 1111                               
 0367     7B      F    0   0        111110 1111                               
 0368     7A      F    0   0        111110 1111                               
 0369     79      F    0   0        111110 1111                               
 0370     78      F    0   0        111110 1111                               
 0371     77      F    0   0        111110 1111                               
 0372     76      F    0   0        111110 1111                               
 0373     75      0    0   0        111110 1111                               
 0374     75      0    0   0        111110 1111                               
 0375     74      4    0   0        111110 1111                               
 0376     73      1    0   0        111110 1111                               
 0377     7C      0    0   0        111110 1111                               
 0378     7B      0    0   0        111110 1111                               
 0379     7A      0    0   0        111110 1111                               
 0380     79      0    0   0        111110 1111                               
 0381     78      0    0   0        111110 1111                               
 0382     77      0    0   0        111110 1111                               
 0383     76      0    0   0        111110 1111                               
 0384     75      4    0   0        111110 1111                               
 0385     74      4    0   0        111110 1111                               
 0386     73      5    0   0        111110 1111                               
 0387     7C      F    1   0        111101 1111                               
 0388     7B      F    1   0        111101 1111                               
 0389     7A      F    1   0        111101 1111                               
 0390     79      F    1   0        111101 1111                               
 0391     78      F    1   0        111101 1111                               
 0392     77      F    1   0        111101 1111                               
 0393     76      F    1   0        111101 1111                               
 0394     75      0    1   0        111101 1111                               
 0395     74      4    1   0        111101 1111                               
 0396     73      1    1   0        111101 1111                               
 0397     7E      0    1   0        111101 1111                               
 0398     7D      0    1   0        111101 1111                               
 0399     7C      0    1   0        111101 1111                               
 0400     7B      0    1   0        111101 1111                               
 0401     7A      0    1   0        111101 1111                               
 0402     79      8    1   0        111101 1111                               
 0403     78      0    1   0        111101 1111                               
 0404     77      0    1   0        111101 1111                               
 0405     76      0    1   0        111101 1111                               
 0406     75      4    1   0        111101 1111                               
 0407     74      4    1   0        111101 1111                               
 0408     73      5    1   0        111101 1111                               
 0409     7C      F    0   0        111110 1111                               
 0410     7B      F    0   0        111110 1111                               
 0411     7A      F    0   0        111110 1111                               
 0412     79      F    0   0        111110 1111                               
 0413     78      F    0   0        111110 1111                               
 0414     77      F    0   0        111110 1111                               
 0415     76      F    0   0        111110 1111                               
 0416     75      F    0   0        111110 1111                               
 0417     74      F    0   0        111110 1111                               
 0418     73      F    0   0        111110 1111                               
 0419     7E      0    0   0        111110 1111                               
 0420     7D      0    0   0        111110 1111                               
 0421     7C      0    0   0        111110 1111                               
 0422     7B      0    0   0        111110 1111                               
 0423     7A      0    0   0        111110 1111                               
 0424     79      0    0   0        111110 1111                               
 0425     78      0    0   0        111110 1111                               
 0426     77      0    0   0        111110 1111                               
 0427     76      0    0   0        111110 1111                               
 0428     75      8    0   0        111110 1111                               
 0429     74      0    0   0        111110 1111                               
 0430     73      0    0   0        111110 1111                               
 0431     7C      F    0   0        111110 1111                               
 0432     7B      F    0   0        111110 1111                               
 0433     7A      F    0   0        111110 1111                               
 0434     79      F    0   0        111110 1111                               
 0435     78      F    0   0        111110 1111                               
 0436     77      F    0   0        111110 1111                               
 0437     76      3    0   0        111110 1111                               
 0438     75      0    0   0        111110 1111                               
 0439     74      4    0   0        111110 1111                               
 0440     73      1    0   0        111110 1111                               
 0441     7C      0    0   0        111110 1111                               
 0442     7B      0    0   0        111110 1111                               
 0443     7A      0    0   0        111110 1111                               
 0444     79      0    0   0        111110 1111                               
 0445     78      0    0   0        111110 1111                               
 0446     77      0    0   0        111110 1111                               
 0447     76      4    0   0        111110 1111                               
 0448     75      4    0   0        111110 1111                               
 0449     74      4    0   0        111110 1111                               
 0450     73      5    0   0        111110 1111                               
 0451     7C      F    1   0        111101 1111                               
 0452     7B      F    1   0        111101 1111                               
 0453     7A      F    1   0        111101 1111                               
 0454     79      F    1   0        111101 1111                               
 0455     78      F    1   0        111101 1111                               
 0456     77      F    1   0        111101 1111                               
 0457     76      3    1   0        111101 1111                               
 0458     75      0    1   0        111101 1111                               
 0459     74      4    1   0        111101 1111                               
 0460     73      1    1   0        111101 1111                               
 0461     7E      0    1   0        111101 1111                               
 0462     7D      0    1   0        111101 1111                               
 0463     7C      0    1   0        111101 1111                               
 0464     7B      0    1   0        111101 1111                               
 0465     7A      0    1   0        111101 1111                               
 0466     79      8    1   0        111101 1111                               
 0467     78      0    1   0        111101 1111                               
 0468     77      0    1   0        111101 1111                               
 0469     76      4    1   0        111101 1111                               
 0470     75      4    1   0        111101 1111                               
 0471     74      4    1   0        111101 1111                               
 0472     73      5    1   0        111101 1111                               
 0473     7C      F    0   0        111110 1111                               
 0474     7B      F    0   0        111110 1111                               
 0475     7A      F    0   0        111110 1111                               
 0476     79      F    0   0        111110 1111                               
 0477     78      F    0   0        111110 1111                               
 0478     77      F    0   0        111110 1111                               
 0479     76      F    0   0        111110 1111                               
 0480     75      F    0   0        111110 1111                               
 0481     74      F    0   0        111110 1111                               
 0482     73      F    0   0        111110 1111                               
 0483     7E      0    0   0        111110 1111                               
 0484     7D      0    0   0        111110 1111                               
 0485     7C      0    0   0        111110 1111                               
 0486     7B      0    0   0        111110 1111                               
 0487     7A      0    0   0        111110 1111                               
 0488     79      0    0   0        111110 1111                               
 0489     78      0    0   0        111110 1111                               
 0490     77      0    0   0        111110 1111                               
 0491     76      0    0   0        111110 1111                               
 0492     75      8    0   0        111110 1111                               
 0493     74      0    0   0        111110 1111                               
 0494     73      0    0   0        111110 1111                               
 0495     7C      F    0   0        111110 1111                               
 0496     7B      F    0   0        111110 1111                               
 0497     7A      F    0   0        111110 1111                               
 0498     79      F    0   0        111110 1111                               
 0499     78      F    0   0        111110 1111                               
 0500     77      8    0   0        111110 1111                               
 0501     76      3    0   0        111110 1111                               
 0502     75      0    0   0        111110 1111                               
 0503     74      4    0   0        111110 1111                               
 0504     73      1    0   0        111110 1111                               
 0505     7C      0    0   0        111110 1111                               
 0506     7B      0    0   0        111110 1111                               
 0507     7A      0    0   0        111110 1111                               
 0508     79      0    0   0        111110 1111                               
 0509     78      0    0   0        111110 1111                               
 0510     77      5    0   0        111110 1111                               
 0511     76      4    0   0        111110 1111                               
 0512     75      4    0   0        111110 1111                               
 0513     74      4    0   0        111110 1111                               
 0514     73      5    0   0        111110 1111                               
 0515     7C      F    1   0        111101 1111                               
 0516     7B      F    1   0        111101 1111                               
 0517     7A      F    1   0        111101 1111                               
 0518     79      F    1   0        111101 1111                               
 0519     78      F    1   0        111101 1111                               
 0520     77      8    1   0        111101 1111                               
 0521     76      0    1   0        111101 1111                               
 0522     76      3    1   0        111101 1111                               
 0523     75      0    1   0        111101 1111                               
 0524     74      4    1   0        111101 1111                               
 0525     73      1    1   0        111101 1111                               
 0526     7E      0    1   0        111101 1111                               
 0527     7D      0    1   0        111101 1111                               
 0528     7C      0    1   0        111101 1111                               
 0529     7B      0    1   0        111101 1111                               
 0530     7A      0    1   0        111101 1111                               
 0531     79      8    1   0        111101 1111                               
 0532     78      0    1   0        111101 1111                               
 0533     77      5    1   0        111101 1111                               
 0534     76      4    1   0        111101 1111                               
 0535     75      4    1   0        111101 1111                               
 0536     74      4    1   0        111101 1111                               
 0537     73      5    1   0        111101 1111                               
 0538     7C      F    0   0        111110 1111                               
 0539     7B      F    0   0        111110 1111                               
 0540     7A      F    0   0        111110 1111                               
 0541     79      F    0   0        111110 1111                               
 0542     78      F    0   0        111110 1111                               
 0543     77      F    0   0        111110 1111                               
 0544     76      F    0   0        111110 1111                               
 0545     75      F    0   0        111110 1111                               
 0546     74      F    0   0        111110 1111                               
 0547     73      F    0   0        111110 1111                               
 0548     7E      0    0   0        111110 1111                               
 0549     7D      0    0   0        111110 1111                               
 0550     7C      0    0   0        111110 1111                               
 0551     7B      0    0   0        111110 1111                               
 0552     7A      0    0   0        111110 1111                               
 0553     79      0    0   0        111110 1111                               
 0554     78      0    0   0        111110 1111                               
 0555     77      0    0   0        111110 1111                               
 0556     76      0    0   0        111110 1111                               
 0557     75      8    0   0        111110 1111                               
 0558     74      0    0   0        111110 1111                               
 0559     73      0    0   0        111110 1111                               
 0560     7C      F    0   0        111110 1111                               
 0561     7B      F    0   0        111110 1111                               
 0562     7A      F    0   0        111110 1111                               
 0563     79      F    0   0        111110 1111                               
 0564     78      F    0   0        111110 1111                               
 0565     77      8    0   0        111110 1111                               
 0566     76      3    0   0        111110 1111                               
 0567     75      0    0   0        111110 1111                               
 0568     74      4    0   0        111110 1111                               
 0569     73      1    0   0        111110 1111                               
 0570     7C      0    0   0        111110 1111                               
 0571     7B      0    0   0        111110 1111                               
 0572     7A      0    0   0        111110 1111                               
 0573     79      0    0   0        111110 1111                               
 0574     78      0    0   0        111110 1111                               
 0575     77      5    0   0        111110 1111                               
 0576     76      4    0   0        111110 1111                               
 0577     75      4    0   0        111110 1111                               
 0578     74      4    0   0        111110 1111                               
 0579     73      5    0   0        111110 1111                               
 0580     7C      F    1   0        111101 1111                               
 0581     7B      F    1   0        111101 1111                               
 0582     7A      F    1   0        111101 1111                               
 0583     79      F    1   0        111101 1111                               
 0584     78      F    1   0        111101 1111                               
 0585     77      8    1   0        111101 1111                               
 0586     76      3    1   0        111101 1111                               
 0587     75      0    1   0        111101 1111                               
 0588     74      4    1   0        111101 1111                               
 0589     73      1    1   0        111101 1111                               
 0590     7E      0    1   0        111101 1111                               
 0591     7D      0    1   0        111101 1111                               
 0592     7C      0    1   0        111101 1111                               
 0593     7B      0    1   0        111101 1111                               
 0594     7A      0    1   0        111101 1111                               
 0595     79      8    1   0        111101 1111                               
 0596     78      0    1   0        111101 1111                               
 0597     77      5    1   0        111101 1111                               
 0598     76      4    1   0        111101 1111                               
 0599     75      4    1   0        111101 1111                               
 0600     74      4    1   0        111101 1111                               
 0601     73      5    1   0        111101 1111                               
 0602     7C      F    0   0        111110 1111                               
 0603     7B      F    0   0        111110 1111                               
 0604     7A      F    0   0        111110 1111                               
 0605     79      F    0   0        111110 1111                               
 0606     78      F    0   0        111110 1111                               
 0607     77      F    0   0        111110 1111                               
 0608     76      F    0   0        111110 1111                               
 0609     75      F    0   0        111110 1111                               
 0610     74      F    0   0        111110 1111                               
 0611     73      F    0   0        111110 1111                               
 0612     7E      0    0   0        111110 1111                               
 0613     7D      0    0   0        111110 1111                               
 0614     7C      0    0   0        111110 1111                               
 0615     7B      0    0   0        111110 1111                               
 0616     7A      0    0   0        111110 1111                               
 0617     79      0    0   0        111110 1111                               
 0618     78      0    0   0        111110 1111                               
 0619     77      0    0   0        111110 1111                               
 0620     76      0    0   0        111110 1111                               
 0621     75      8    0   0        111110 1111                               
 0622     74      0    0   0        111110 1111                               
 0623     73      0    0   0        111110 1111                               
 0624     7C      F    0   0        111110 1111                               
 0625     7B      F    0   0        111110 1111                               
 0626     7A      F    0   0        111110 1111                               
 0627     79      F    0   0        111110 1111                               
 0628     78      F    0   0        111110 1111                               
 0629     77      8    0   0        111110 1111                               
 0630     76      3    0   0        111110 1111                               
 0631     75      0    0   0        111110 1111                               
 0632     74      4    0   0        111110 1111                               
 0633     73      1    0   0        111110 1111                               
 0634     7C      0    0   0        111110 1111                               
 0635     7B      0    0   0        111110 1111                               
 0636     7A      0    0   0        111110 1111                               
 0637     79      4    0   0        111110 1111                               
 0638     78      0    0   0        111110 1111                               
 0639     77      5    0   0        111110 1111                               
 0640     76      4    0   0        111110 1111                               
 0641     75      4    0   0        111110 1111                               
 0642     74      4    0   0        111110 1111                               
 0643     73      5    0   0        111110 1111                               
 0644     7C      F    1   0        111101 1111                               
 0645     7B      F    1   0        111101 1111                               
 0646     7A      F    1   0        111101 1111                               
 0647     79      F    1   0        111101 1111                               
 0648     78      F    1   0        111101 1111                               
 0649     77      8    1   0        111101 1111                               
 0650     76      3    1   0        111101 1111                               
 0651     75      0    1   0        111101 1111                               
 0652     74      4    1   0        111101 1111                               
 0653     73      1    1   0        111101 1111                               
 0654     7E      0    1   0        111101 1111                               
 0655     7D      0    1   0        111101 1111                               
 0656     7C      0    1   0        111101 1111                               
 0657     7B      0    1   0        111101 1111                               
 0658     7A      0    1   0        111101 1111                               
 0659     79      C    1   0        111101 1111                               
 0660     78      0    1   0        111101 1111                               
 0661     77      5    1   0        111101 1111                               
 0662     76      4    1   0        111101 1111                               
 0663     75      4    1   0        111101 1111                               
 0664     74      4    1   0        111101 1111                               
 0665     73      5    1   0        111101 1111                               
 0666     7C      F    0   0        111110 1111                               
 0667     7B      F    0   0        111110 1111                               
 0668     7A      F    0   0        111110 1111                               
 0669     79      F    0   0        111110 1111                               
 0670     78      F    0   0        111110 1111                               
 0671     77      F    0   0        111110 1111                               
 0672     76      F    0   0        111110 1111                               
 0673     75      F    0   0        111110 1111                               
 0674     74      F    0   0        111110 1111                               
 0675     73      F    0   0        111110 1111                               
 0676     7E      0    0   0        111110 1111                               
 0677     7D      0    0   0        111110 1111                               
 0678     7C      0    0   0        111110 1111                               
 0679     7B      0    0   0        111110 1111                               
 0680     7A      0    0   0        111110 1111                               
 0681     79      0    0   0        111110 1111                               
 0682     78      0    0   0        111110 1111                               
 0683     77      0    0   0        111110 1111                               
 0684     76      0    0   0        111110 1111                               
 0685     75      8    0   0        111110 1111                               
 0686     74      0    0   0        111110 1111                               
 0687     73      0    0   0        111110 1111                               
 0688     7C      F    0   0        111110 1111                               
 0689     7B      F    0   0        111110 1111                               
 0690     7A      0    0   0        111110 1111                               
 0691     7A      0    0   0        111110 1111                               
 0692     79      F    0   0        111110 1111                               
 0693     78      F    0   0        111110 1111                               
 0694     77      8    0   0        111110 1111                               
 0695     76      3    0   0        111110 1111                               
 0696     75      0    0   0        111110 1111                               
 0697     74      4    0   0        111110 1111                               
 0698     73      1    0   0        111110 1111                               
 0699     7C      0    0   0        111110 1111                               
 0700     7B      0    0   0        111110 1111                               
 0701     7A      3    0   0        111110 1111                               
 0702     79      4    0   0        111110 1111                               
 0703     78      0    0   0        111110 1111                               
 0704     77      5    0   0        111110 1111                               
 0705     76      4    0   0        111110 1111                               
 0706     75      4    0   0        111110 1111                               
 0707     74      4    0   0        111110 1111                               
 0708     73      5    0   0        111110 1111                               
 0709     7C      F    1   0        111101 1111                               
 0710     7B      F    1   0        111101 1111                               
 0711     7A      0    1   0        111101 1111                               
 0712     79      F    1   0        111101 1111                               
 0713     78      F    1   0        111101 1111                               
 0714     77      8    1   0        111101 1111                               
 0715     76      3    1   0        111101 1111                               
 0716     75      0    1   0        111101 1111                               
 0717     74      4    1   0        111101 1111                               
 0718     73      1    1   0        111101 1111                               
 0719     7E      0    1   0        111101 1111                               
 0720     7D      0    1   0        111101 1111                               
 0721     7C      0    1   0        111101 1111                               
 0722     7B      0    1   0        111101 1111                               
 0723     7A      3    1   0        111101 1111                               
 0724     79      0    1   0        111101 1111                               
 0725     79      C    1   0        111101 1111                               
 0726     78      0    1   0        111101 1111                               
 0727     77      5    1   0        111101 1111                               
 0728     76      4    1   0        111101 1111                               
 0729     75      4    1   0        111101 1111                               
 0730     74      4    1   0        111101 1111                               
 0731     73      5    1   0        111101 1111                               
 0732     7C      F    0   0        111110 1111                               
 0733     7B      F    0   0        111110 1111                               
 0734     7A      F    0   0        111110 1111                               
 0735     79      F    0   0        111110 1111                               
 0736     78      F    0   0        111110 1111                               
 0737     77      F    0   0        111110 1111                               
 0738     76      F    0   0        111110 1111                               
 0739     75      F    0   0        111110 1111                               
 0740     74      F    0   0        111110 1111                               
 0741     73      F    0   0        111110 1111                               
 0742     7E      0    0   0        111110 1111                               
 0743     7D      0    0   0        111110 1111                               
 0744     7C      0    0   0        111110 1111                               
 0745     7B      0    0   0        111110 1111                               
 0746     7A      0    0   0        111110 1111                               
 0747     79      0    0   0        111110 1111                               
 0748     78      0    0   0        111110 1111                               
 0749     77      0    0   0        111110 1111                               
 0750     76      0    0   0        111110 1111                               
 0751     75      8    0   0        111110 1111                               
 0752     74      0    0   0        111110 1111                               
 0753     73      0    0   0        111110 1111                               
 0754     72      0    1   0        111101 1111                               
 0755     7F      0    0   0        111110 1111                               
 0756     7E      8    0   0        111110 1111                               
 0757     7D      0    0   0        111110 1111                               
 0758     7D      6    0   0        111110 1111                               
 0759     7C      1    0   0        111110 1111                               
 0760     7E      B    1   0        111101 1111                               
 0761     7D      B    1   0        111101 1111                               
 0762     7C      F    1   0        111101 1111                               
 0763     7B      F    1   0        111101 1111                               
 0764     7A      0    1   0        111101 1111                               
 0765     79      F    1   0        111101 1111                               
 0766     78      F    1   0        111101 1111                               
 0767     77      8    1   0        111101 1111                               
 0768     76      3    1   0        111101 1111                               
 0769     75      0    1   0        111101 1111                               
 0770     74      4    1   0        111101 1111                               
 0771     73      1    1   0        111101 1111                               
 0772     7E      0    1   0        111101 1111                               
 0773     7D      0    1   0        111101 1111                               
 0774     7C      0    1   0        111101 1111                               
 0775     7B      0    1   0        111101 1111                               
 0776     7A      3    1   0        111101 1111                               
 0777     79      C    1   0        111101 1111                               
 0778     78      0    1   0        111101 1111                               
 0779     77      5    1   0        111101 1111                               
 0780     76      4    1   0        111101 1111                               
 0781     75      4    1   0        111101 1111                               
 0782     74      4    1   0        111101 1111                               
 0783     73      5    1   0        111101 1111                               
 0784     7E      B    0   0        111110 1111                               
 0785     7D      B    0   0        111110 1111                               
 0786     7C      F    0   0        111110 1111                               
 0787     7B      F    0   0        111110 1111                               
 0788     7A      F    0   0        111110 1111                               
 0789     79      F    0   0        111110 1111                               
 0790     78      F    0   0        111110 1111                               
 0791     77      F    0   0        111110 1111                               
 0792     76      F    0   0        111110 1111                               
 0793     75      F    0   0        111110 1111                               
 0794     74      F    0   0        111110 1111                               
 0795     73      F    0   0        111110 1111                               
 0796     7E      0    0   0        111110 1111                               
 0797     7D      0    0   0        111110 1111                               
 0798     7C      0    0   0        111110 1111                               
 0799     7B      0    0   0        111110 1111                               
 0800     7A      0    0   0        111110 1111                               
 0801     79      0    0   0        111110 1111                               
 0802     78      0    0   0        111110 1111                               
 0803     77      0    0   0        111110 1111                               
 0804     76      0    0   0        111110 1111                               
 0805     75      8    0   0        111110 1111                               
 0806     74      0    0   0        111110 1111                               
 0807     00      F    0   0        000000 0000                               
 0808     00      F    0   0        000000 0000                               
 0809     00      F    0   0        000000 0000                               
 0810     00      F    0   0        000000 0000                               
 0811     00      F    0   0        000000 0000                               
 0812     00      F    0   0        000000 0000                               
 0813     00      F    0   0        000000 0000                               
 0814     00      F    0   0        000000 0000                               
 0815     00      F    0   0        000000 0000                               
 0816     00      F    0   0        000000 0000                               
 0817     00      F    0   0        000000 0000                               
 0818     00      F    0   0        000000 0000                               
 0819     00      F    0   0        000000 0000                               
 0820     00      F    0   0        000000 0000                               
 0821     00      F    0   0        000000 0000                               
 0822     00      F    0   0        000000 0000                               
 0823     00      F    0   0        000000 0000                               
 0824     00      F    0   0        000000 0000                               
 0825     00      F    0   0        000000 0000                               
 0826     00      F    0   0        000000 0000                               
 0827     00      F    0   0        000000 0000                               
 0828     00      F    0   0        000000 0000                               
 0829     00      F    0   0        000000 0000                               
 0830     00      F    0   0        000000 0000                               
 0831     00      F    0   0        000000 0000                               
