 STATE LISTING OF AQU MEM  
  POS         ADDR    DATA   WE  CE    
 0000 T   7F      0    0   111100 1111                                        
 0001     7E      C    0   111100 1111                                        
 0002     7D      0    0   111100 1111                                        
 0003     7C      3    0   111100 1111                                        
 0004     7E      0    0   111100 1111                                        
 0005     7D      0    0   111100 1111                                        
 0006     7C      0    0   111100 1111                                        
 0007     7B      0    0   111100 1111                                        
 0008     7A      0    0   111100 1111                                        
 0009     79      0    0   111100 1111                                        
 0010     78      0    0   111100 1111                                        
 0011     77      0    0   111100 1111                                        
 0012     76      0    0   111100 1111                                        
 0013     75      0    0   111100 1111                                        
 0014     74      0    0   111100 1111                                        
 0015     73      0    0   111100 1111                                        
 0016     7E      0    0   111100 1111                                        
 0017     7D      0    0   111100 1111                                        
 0018     7C      0    0   111100 1111                                        
 0019     7B      0    0   111100 1111                                        
 0020     7A      0    0   111100 1111                                        
 0021     79      0    0   111100 1111                                        
 0022     78      0    0   111100 1111                                        
 0023     77      0    0   111100 1111                                        
 0024     76      0    0   111100 1111                                        
 0025     75      0    0   111100 1111                                        
 0026     74      0    0   111100 1111                                        
 0027     73      0    0   111100 1111                                        
 0028     7F      0    1   111101 1111                                        
 0029     7E      C    1   111101 1111                                        
 0030     7D      0    1   111101 1111                                        
 0031     7C      4    1   111101 1111                                        
 0032     7B      0    1   111101 1111                                        
 0033     7A      4    1   111101 1111                                        
 0034     79      4    1   111101 1111                                        
 0035     78      5    1   111101 1111                                        
 0036     77      B    1   111101 1111                                        
 0037     76      3    1   111101 1111                                        
 0038     75      7    1   111101 1111                                        
 0039     74      6    1   111101 1111                                        
 0040     73      0    1   111101 1111                                        
 0041     72      F    1   111101 1111                                        
 0042     71      0    1   111101 1111                                        
 0043     71      0    1   111101 1111                                        
 0044     70      E    1   111101 1111                                        
 0045     7F      1    1   111101 1111                                        
 0046     7E      F    1   111101 1111                                        
 0047     7D      0    1   111101 1111                                        
 0048     7C      0    1   111101 1111                                        
 0049     7B      0    1   111101 1111                                        
 0050     7A      0    1   111101 1111                                        
 0051     79      E    1   111101 1111                                        
 0052     78      0    1   111101 1111                                        
 0053     77      0    1   111101 1111                                        
 0054     76      6    1   111101 1111                                        
 0055     75      1    1   111101 1111                                        
 0056     74      0    1   111101 1111                                        
 0057     74      E    1   111101 1111                                        
 0058     72      0    1   111101 1111                                        
 0059     71      0    1   111101 1111                                        
 0060     70      4    1   111101 1111                                        
 0061     7F      0    1   111111 1111                                        
 0062     7E      0    1   111111 1111                                        
 0063     7D      0    1   111111 1111                                        
 0064     7C      0    1   111111 1111                                        
 0065     7B      1    1   111111 1111                                        
 0066     7A      4    1   111111 1111                                        
 0067     79      4    1   111111 1111                                        
 0068     78      5    1   111111 1111                                        
 0069     70      E    1   111101 1111                                        
 0070     7F      0    1   111101 1111                                        
 0071     7E      4    1   111101 1111                                        
 0072     7D      1    1   111101 1111                                        
 0073     77      5    1   111101 1111                                        
 0074     76      0    1   111101 1111                                        
 0075     75      0    1   111101 1111                                        
 0076     41      F    1   111111 1111                                        
 0077     40      F    1   111111 1111                                        
 0078     7F      F    1   111101 1111                                        
 0079     7E      F    1   111101 1111                                        
 0080     7D      1    1   111101 1111                                        
 0081     7C      0    1   111101 1111                                        
 0082     7B      0    1   111101 1111                                        
 0083     7A      0    1   111101 1111                                        
 0084     79      0    1   111101 1111                                        
 0085     78      4    1   111101 1111                                        
 0086     77      1    1   111101 1111                                        
 0087     76      0    1   111101 1111                                        
 0088     76      6    1   111101 1111                                        
 0089     75      1    1   111101 1111                                        
 0090     74      E    1   111101 1111                                        
 0091     7F      9    1   111101 1111                                        
 0092     7E      9    1   111101 1111                                        
 0093     7D      0    1   111101 1111                                        
 0094     7C      3    1   111101 1111                                        
 0095     7B      0    1   111101 1111                                        
 0096     7A      9    1   111101 1111                                        
 0097     79      1    1   111101 1111                                        
 0098     78      8    1   111101 1111                                        
 0099     77      0    1   111101 1111                                        
 0100     77      4    1   111101 1111                                        
 0101     76      4    1   111101 1111                                        
 0102     75      1    1   111101 1111                                        
 0103     74      3    1   111101 1111                                        
 0104     73      0    1   111101 1111                                        
 0105     72      3    1   111101 1111                                        
 0106     71      4    1   111101 1111                                        
 0107     70      0    1   111101 1111                                        
 0108     7F      0    1   111111 1111                                        
 0109     7E      0    1   111111 1111                                        
 0110     7D      0    1   111111 1111                                        
 0111     7C      0    1   111111 1111                                        
 0112     7B      1    1   111111 1111                                        
 0113     7A      9    1   111111 1111                                        
 0114     79      1    1   111111 1111                                        
 0115     78      8    1   111111 1111                                        
 0116     77      4    1   111111 1111                                        
 0117     76      4    1   111111 1111                                        
 0118     75      1    1   111111 1111                                        
 0119     74      3    1   111111 1111                                        
 0120     73      0    1   111111 1111                                        
 0121     72      3    1   111111 1111                                        
 0122     71      4    1   111111 1111                                        
 0123     70      0    1   111111 1111                                        
 0124     72      0    1   111101 1111                                        
 0125     78      F    0   111110 1111                                        
 0126     7F      0    0   111110 1111                                        
 0127     7A      F    0   111110 1111                                        
 0128     74      F    0   111110 1111                                        
 0129     70      F    0   111110 1111                                        
 0130     7F      1    1   111111 1111                                        
 0131     7E      5    1   111111 1111           R                             
 0132     7D      4    1   111111 1111                                        
 0133     7C      4    1   111111 1111            E                            
 0134     7B      0    1   111111 1111                                        
 0135     7A      4    1   111111 1111             A                           
 0136     79      3    1   111111 1111                                        
 0137     78      4    1   111111 1111            D                            
 0138     77      8    1   111111 1111                                        
 0139     76      5    1   111111 1111            Y                            
 0140     75      F    1   111111 1111                                        
 0141     74      0    1   111111 1111           spc                             
 0142     73      F    1   111111 1111                                        
 0143     72      4    1   111111 1111           P                             
 0144     71      0    1   111111 1111                                        
 0145     70      3    1   111111 1111          0                              
 0146     6F      8    1   111111 1111                                        
 0147     6E      1    1   111111 1111          :                              
 0148     6D      F    1   111111 1111                                        
 0149     6C      0    1   111111 1111           spc                             
 0150     6F      F    1   111111 1111                                        
 0151     6E      F    1   111111 1111                                        
 0152     7C      0    0   111110 1111                                        
 0153     7B      0    0   111110 1111                                        
 0154     7A      0    0   111110 1111                                        
 0155     79      0    0   111110 1111                                        
 0156     78      0    0   111110 1111                                        
 0157     77      0    0   111110 1111                                        
 0158     76      0    0   111110 1111                                        
 0159     75      0    0   111110 1111                                        
 0160     74      0    0   111110 1111                                        
 0161     73      0    0   111110 1111                                        
 0162     7C      F    0   111110 1111                                        
 0163     7B      F    0   111110 1111                                        
 0164     7A      F    0   111110 1111                                        
 0165     79      F    0   111110 1111                                        
 0166     78      F    0   111110 1111                                        
 0167     77      F    0   111110 1111                                        
 0168     76      F    0   111110 1111                                        
 0169     75      F    0   111110 1111                                        
 0170     74      F    0   111110 1111                                        
 0171     73      F    0   111110 1111                                        
 0172     7C      0    0   111110 1111                                        
 0173     7B      0    0   111110 1111                                        
 0174     7A      0    0   111110 1111                                        
 0175     79      0    0   111110 1111                                        
 0176     78      0    0   111110 1111                                        
 0177     77      0    0   111110 1111                                        
 0178     76      0    0   111110 1111                                        
 0179     75      0    0   111110 1111                                        
 0180     74      0    0   111110 1111                                        
 0181     73      0    0   111110 1111                                        
 0182     7C      F    0   111110 1111                                        
 0183     7B      F    0   111110 1111                                        
 0184     7A      F    0   111110 1111                                        
 0185     79      F    0   111110 1111                                        
 0186     78      F    0   111110 1111                                        
 0187     77      F    0   111110 1111                                        
 0188     76      F    0   111110 1111                                        
 0189     75      F    0   111110 1111                                        
 0190     74      F    0   111110 1111                                        
 0191     73      F    0   111110 1111                                        
 0192     7C      F    1   111101 1111                                        
 0193     7B      F    1   111101 1111                                        
 0194     7A      F    1   111101 1111                                        
 0195     79      F    1   111101 1111                                        
 0196     78      F    1   111101 1111                                        
 0197     77      F    1   111101 1111                                        
 0198     76      F    1   111101 1111                                        
 0199     75      F    1   111101 1111                                        
 0200     74      F    1   111101 1111                                        
 0201     73      F    1   111101 1111                                        
 0202     7E      0    1   111101 1111                                        
 0203     7D      0    1   111101 1111                                        
 0204     7C      0    1   111101 1111                                        
 0205     7B      0    1   111101 1111                                        
 0206     7A      0    1   111101 1111                                        
 0207     79      8    1   111101 1111                                        
 0208     78      0    1   111101 1111                                        
 0209     77      0    1   111101 1111                                        
 0210     76      0    1   111101 1111                                        
 0211     75      0    1   111101 1111                                        
 0212     74      0    1   111101 1111                                        
 0213     73      0    1   111101 1111                                        
 0214     7C      F    0   111110 1111                                        
 0215     7B      F    0   111110 1111                                        
 0216     7A      F    0   111110 1111                                        
 0217     79      F    0   111110 1111                                        
 0218     78      F    0   111110 1111                                        
 0219     77      F    0   111110 1111                                        
 0220     76      F    0   111110 1111                                        
 0221     75      F    0   111110 1111                                        
 0222     74      F    0   111110 1111                                        
 0223     73      F    0   111110 1111                                        
 0224     7E      0    0   111110 1111                                        
 0225     7D      0    0   111110 1111                                        
 0226     7C      0    0   111110 1111                                        
 0227     7B      0    0   111110 1111                                        
 0228     7A      0    0   111110 1111                                        
 0229     79      0    0   111110 1111                                        
 0230     78      0    0   111110 1111                                        
 0231     77      0    0   111110 1111                                        
 0232     76      0    0   111110 1111                                        
 0233     75      8    0   111110 1111                                        
 0234     74      0    0   111110 1111                                        
 0235     73      0    0   111110 1111                                        
 0236     7C      F    0   111110 1111                                        
 0237     7B      F    0   111110 1111                                        
 0238     7A      F    0   111110 1111                                        
 0239     79      F    0   111110 1111                                        
 0240     78      F    0   111110 1111                                        
 0241     77      F    0   111110 1111                                        
 0242     76      F    0   111110 1111                                        
 0243     75      F    0   111110 1111                                        
 0244     74      F    0   111110 1111                                        
 0245     73      1    0   111110 1111                                        
 0246     7C      0    0   111110 1111                                        
 0247     7B      0    0   111110 1111                                        
 0248     7A      0    0   111110 1111                                        
 0249     79      0    0   111110 1111                                        
 0250     78      0    0   111110 1111                                        
 0251     77      0    0   111110 1111                                        
 0252     76      0    0   111110 1111                                        
 0253     75      0    0   111110 1111                                        
 0254     74      0    0   111110 1111                                        
 0255     73      5    0   111110 1111                                        
 0256     7C      F    1   111101 1111                                        
 0257     7B      F    1   111101 1111                                        
 0258     7A      F    1   111101 1111                                        
 0259     79      F    1   111101 1111                                        
 0260     78      F    1   111101 1111                                        
 0261     77      F    1   111101 1111                                        
 0262     76      F    1   111101 1111                                        
 0263     75      F    1   111101 1111                                        
 0264     74      F    1   111101 1111                                        
 0265     73      1    1   111101 1111                                        
 0266     73      1    1   111101 1111                                        
 0267     7E      0    1   111101 1111                                        
 0268     7D      0    1   111101 1111                                        
 0269     7C      0    1   111101 1111                                        
 0270     7B      0    1   111101 1111                                        
 0271     7A      0    1   111101 1111                                        
 0272     79      8    1   111101 1111                                        
 0273     78      0    1   111101 1111                                        
 0274     77      0    1   111101 1111                                        
 0275     76      0    1   111101 1111                                        
 0276     75      0    1   111101 1111                                        
 0277     74      0    1   111101 1111                                        
 0278     73      5    1   111101 1111                                        
 0279     7C      F    0   111110 1111                                        
 0280     7B      F    0   111110 1111                                        
 0281     7A      F    0   111110 1111                                        
 0282     79      F    0   111110 1111                                        
 0283     78      F    0   111110 1111                                        
 0284     77      F    0   111110 1111                                        
 0285     76      F    0   111110 1111                                        
 0286     75      F    0   111110 1111                                        
 0287     74      F    0   111110 1111                                        
 0288     73      F    0   111110 1111                                        
 0289     7E      0    0   111110 1111                                        
 0290     7D      0    0   111110 1111                                        
 0291     7C      0    0   111110 1111                                        
 0292     7B      0    0   111110 1111                                        
 0293     7A      0    0   111110 1111                                        
 0294     79      0    0   111110 1111                                        
 0295     78      0    0   111110 1111                                        
 0296     77      0    0   111110 1111                                        
 0297     76      0    0   111110 1111                                        
 0298     75      8    0   111110 1111                                        
 0299     74      0    0   111110 1111                                        
 0300     73      0    0   111110 1111                                        
 0301     7C      F    0   111110 1111                                        
 0302     7B      F    0   111110 1111                                        
 0303     7A      F    0   111110 1111                                        
 0304     79      F    0   111110 1111                                        
 0305     78      F    0   111110 1111                                        
 0306     77      F    0   111110 1111                                        
 0307     76      F    0   111110 1111                                        
 0308     75      F    0   111110 1111                                        
 0309     74      4    0   111110 1111                                        
 0310     73      1    0   111110 1111                                        
 0311     7C      0    0   111110 1111                                        
 0312     7B      0    0   111110 1111                                        
 0313     7A      0    0   111110 1111                                        
 0314     79      0    0   111110 1111                                        
 0315     78      0    0   111110 1111                                        
 0316     77      0    0   111110 1111                                        
 0317     76      0    0   111110 1111                                        
 0318     75      0    0   111110 1111                                        
 0319     74      4    0   111110 1111                                        
 0320     73      5    0   111110 1111                                        
 0321     7C      F    1   111101 1111                                        
 0322     7B      F    1   111101 1111                                        
 0323     7A      F    1   111101 1111                                        
 0324     79      F    1   111101 1111                                        
 0325     78      F    1   111101 1111                                        
 0326     77      F    1   111101 1111                                        
 0327     76      F    1   111101 1111                                        
 0328     75      F    1   111101 1111                                        
 0329     74      4    1   111101 1111                                        
 0330     73      1    1   111101 1111                                        
 0331     7E      0    1   111101 1111                                        
 0332     7D      0    1   111101 1111                                        
 0333     7C      0    1   111101 1111                                        
 0334     7B      0    1   111101 1111                                        
 0335     7A      0    1   111101 1111                                        
 0336     79      8    1   111101 1111                                        
 0337     78      0    1   111101 1111                                        
 0338     77      0    1   111101 1111                                        
 0339     76      0    1   111101 1111                                        
 0340     75      0    1   111101 1111                                        
 0341     74      4    1   111101 1111                                        
 0342     73      5    1   111101 1111                                        
 0343     7C      F    0   111110 1111                                        
 0344     7B      F    0   111110 1111                                        
 0345     7A      F    0   111110 1111                                        
 0346     79      F    0   111110 1111                                        
 0347     78      F    0   111110 1111                                        
 0348     77      F    0   111110 1111                                        
 0349     76      F    0   111110 1111                                        
 0350     75      F    0   111110 1111                                        
 0351     74      F    0   111110 1111                                        
 0352     73      F    0   111110 1111                                        
 0353     7E      0    0   111110 1111                                        
 0354     7D      0    0   111110 1111                                        
 0355     7C      0    0   111110 1111                                        
 0356     7B      0    0   111110 1111                                        
 0357     7A      0    0   111110 1111                                        
 0358     79      0    0   111110 1111                                        
 0359     78      0    0   111110 1111                                        
 0360     77      0    0   111110 1111                                        
 0361     76      0    0   111110 1111                                        
 0362     75      8    0   111110 1111                                        
 0363     74      0    0   111110 1111                                        
 0364     73      0    0   111110 1111                                        
 0365     7C      F    0   111110 1111                                        
 0366     7B      F    0   111110 1111                                        
 0367     7A      F    0   111110 1111                                        
 0368     79      F    0   111110 1111                                        
 0369     78      F    0   111110 1111                                        
 0370     77      F    0   111110 1111                                        
 0371     76      F    0   111110 1111                                        
 0372     75      0    0   111110 1111                                        
 0373     75      0    0   111110 1111                                        
 0374     74      4    0   111110 1111                                        
 0375     73      1    0   111110 1111                                        
 0376     7C      0    0   111110 1111                                        
 0377     7B      0    0   111110 1111                                        
 0378     7A      0    0   111110 1111                                        
 0379     79      0    0   111110 1111                                        
 0380     78      0    0   111110 1111                                        
 0381     77      0    0   111110 1111                                        
 0382     76      0    0   111110 1111                                        
 0383     75      4    0   111110 1111                                        
 0384     74      4    0   111110 1111                                        
 0385     73      5    0   111110 1111                                        
 0386     7C      F    1   111101 1111                                        
 0387     7B      F    1   111101 1111                                        
 0388     7A      F    1   111101 1111                                        
 0389     79      F    1   111101 1111                                        
 0390     78      F    1   111101 1111                                        
 0391     77      F    1   111101 1111                                        
 0392     76      F    1   111101 1111                                        
 0393     75      0    1   111101 1111                                        
 0394     74      4    1   111101 1111                                        
 0395     73      1    1   111101 1111                                        
 0396     7E      0    1   111101 1111                                        
 0397     7D      0    1   111101 1111                                        
 0398     7C      0    1   111101 1111                                        
 0399     7B      0    1   111101 1111                                        
 0400     7A      0    1   111101 1111                                        
 0401     79      8    1   111101 1111                                        
 0402     78      0    1   111101 1111                                        
 0403     77      0    1   111101 1111                                        
 0404     76      0    1   111101 1111                                        
 0405     75      4    1   111101 1111                                        
 0406     74      4    1   111101 1111                                        
 0407     73      5    1   111101 1111                                        
 0408     7C      F    0   111110 1111                                        
 0409     7B      F    0   111110 1111                                        
 0410     7A      F    0   111110 1111                                        
 0411     79      F    0   111110 1111                                        
 0412     78      F    0   111110 1111                                        
 0413     77      F    0   111110 1111                                        
 0414     76      F    0   111110 1111                                        
 0415     75      F    0   111110 1111                                        
 0416     74      F    0   111110 1111                                        
 0417     73      F    0   111110 1111                                        
 0418     7E      0    0   111110 1111                                        
 0419     7D      0    0   111110 1111                                        
 0420     7C      0    0   111110 1111                                        
 0421     7B      0    0   111110 1111                                        
 0422     7A      0    0   111110 1111                                        
 0423     79      0    0   111110 1111                                        
 0424     78      0    0   111110 1111                                        
 0425     77      0    0   111110 1111                                        
 0426     76      0    0   111110 1111                                        
 0427     75      8    0   111110 1111                                        
 0428     74      0    0   111110 1111                                        
 0429     73      0    0   111110 1111                                        
 0430     7C      F    0   111110 1111                                        
 0431     7B      F    0   111110 1111                                        
 0432     7A      F    0   111110 1111                                        
 0433     79      F    0   111110 1111                                        
 0434     78      F    0   111110 1111                                        
 0435     77      F    0   111110 1111                                        
 0436     76      3    0   111110 1111                                        
 0437     75      0    0   111110 1111                                        
 0438     74      4    0   111110 1111                                        
 0439     73      1    0   111110 1111                                        
 0440     7C      0    0   111110 1111                                        
 0441     7B      0    0   111110 1111                                        
 0442     7A      0    0   111110 1111                                        
 0443     79      0    0   111110 1111                                        
 0444     78      0    0   111110 1111                                        
 0445     77      0    0   111110 1111                                        
 0446     76      4    0   111110 1111                                        
 0447     75      4    0   111110 1111                                        
 0448     74      4    0   111110 1111                                        
 0449     73      5    0   111110 1111                                        
 0450     7C      F    1   111101 1111                                        
 0451     7B      F    1   111101 1111                                        
 0452     7A      F    1   111101 1111                                        
 0453     79      F    1   111101 1111                                        
 0454     78      F    1   111101 1111                                        
 0455     77      F    1   111101 1111                                        
 0456     76      3    1   111101 1111                                        
 0457     75      0    1   111101 1111                                        
 0458     74      4    1   111101 1111                                        
 0459     73      1    1   111101 1111                                        
 0460     7E      0    1   111101 1111                                        
 0461     7D      0    1   111101 1111                                        
 0462     7C      0    1   111101 1111                                        
 0463     7B      0    1   111101 1111                                        
 0464     7A      0    1   111101 1111                                        
 0465     79      8    1   111101 1111                                        
 0466     78      0    1   111101 1111                                        
 0467     77      0    1   111101 1111                                        
 0468     76      4    1   111101 1111                                        
 0469     75      4    1   111101 1111                                        
 0470     74      4    1   111101 1111                                        
 0471     73      5    1   111101 1111                                        
 0472     7C      F    0   111110 1111                                        
 0473     7B      F    0   111110 1111                                        
 0474     7A      F    0   111110 1111                                        
 0475     79      F    0   111110 1111                                        
 0476     78      F    0   111110 1111                                        
 0477     77      F    0   111110 1111                                        
 0478     76      F    0   111110 1111                                        
 0479     75      F    0   111110 1111                                        
 0480     74      F    0   111110 1111                                        
 0481     73      F    0   111110 1111                                        
 0482     7E      0    0   111110 1111                                        
 0483     7D      0    0   111110 1111                                        
 0484     7C      0    0   111110 1111                                        
 0485     7B      0    0   111110 1111                                        
 0486     7A      0    0   111110 1111                                        
 0487     79      0    0   111110 1111                                        
 0488     78      0    0   111110 1111                                        
 0489     77      0    0   111110 1111                                        
 0490     76      0    0   111110 1111                                        
 0491     75      8    0   111110 1111                                        
 0492     74      0    0   111110 1111                                        
 0493     73      0    0   111110 1111                                        
 0494     7C      F    0   111110 1111                                        
 0495     7B      F    0   111110 1111                                        
 0496     7A      F    0   111110 1111                                        
 0497     79      F    0   111110 1111                                        
 0498     78      F    0   111110 1111                                        
 0499     77      8    0   111110 1111                                        
 0500     76      3    0   111110 1111                                        
 0501     75      0    0   111110 1111                                        
 0502     74      4    0   111110 1111                                        
 0503     73      1    0   111110 1111                                        
 0504     7C      0    0   111110 1111                                        
 0505     7B      0    0   111110 1111                                        
 0506     7A      0    0   111110 1111                                        
 0507     79      0    0   111110 1111                                        
 0508     78      0    0   111110 1111                                        
 0509     77      5    0   111110 1111                                        
 0510     76      4    0   111110 1111                                        
 0511     75      4    0   111110 1111                                        
 0512     74      4    0   111110 1111                                        
 0513     73      5    0   111110 1111                                        
 0514     7C      F    1   111101 1111                                        
 0515     7B      F    1   111101 1111                                        
 0516     7A      F    1   111101 1111                                        
 0517     79      F    1   111101 1111                                        
 0518     78      F    1   111101 1111                                        
 0519     77      8    1   111101 1111                                        
 0520     76      3    1   111101 1111                                        
 0521     75      0    1   111101 1111                                        
 0522     74      4    1   111101 1111                                        
 0523     73      1    1   111101 1111                                        
 0524     7E      0    1   111101 1111                                        
 0525     7D      0    1   111101 1111                                        
 0526     7C      0    1   111101 1111                                        
 0527     7B      0    1   111101 1111                                        
 0528     7A      0    1   111101 1111                                        
 0529     79      8    1   111101 1111                                        
 0530     78      0    1   111101 1111                                        
 0531     77      5    1   111101 1111                                        
 0532     76      4    1   111101 1111                                        
 0533     75      4    1   111101 1111                                        
 0534     74      4    1   111101 1111                                        
 0535     73      5    1   111101 1111                                        
 0536     7C      F    0   111110 1111                                        
 0537     7B      F    0   111110 1111                                        
 0538     7A      F    0   111110 1111                                        
 0539     79      F    0   111110 1111                                        
 0540     78      F    0   111110 1111                                        
 0541     77      F    0   111110 1111                                        
 0542     76      F    0   111110 1111                                        
 0543     75      F    0   111110 1111                                        
 0544     74      F    0   111110 1111                                        
 0545     73      F    0   111110 1111                                        
 0546     7E      0    0   111110 1111                                        
 0547     7D      0    0   111110 1111                                        
 0548     7C      0    0   111110 1111                                        
 0549     7B      0    0   111110 1111                                        
 0550     7A      0    0   111110 1111                                        
 0551     79      0    0   111110 1111                                        
 0552     78      0    0   111110 1111                                        
 0553     77      0    0   111110 1111                                        
 0554     76      0    0   111110 1111                                        
 0555     75      8    0   111110 1111                                        
 0556     74      0    0   111110 1111                                        
 0557     73      0    0   111110 1111                                        
 0558     7C      F    0   111110 1111                                        
 0559     7B      F    0   111110 1111                                        
 0560     7A      F    0   111110 1111                                        
 0561     79      F    0   111110 1111                                        
 0562     78      F    0   111110 1111                                        
 0563     77      8    0   111110 1111                                        
 0564     76      3    0   111110 1111                                        
 0565     75      0    0   111110 1111                                        
 0566     74      4    0   111110 1111                                        
 0567     73      1    0   111110 1111                                        
 0568     7C      0    0   111110 1111                                        
 0569     7B      0    0   111110 1111                                        
 0570     7A      0    0   111110 1111                                        
 0571     79      0    0   111110 1111                                        
 0572     78      0    0   111110 1111                                        
 0573     77      5    0   111110 1111                                        
 0574     76      4    0   111110 1111                                        
 0575     75      4    0   111110 1111                                        
 0576     74      4    0   111110 1111                                        
 0577     73      5    0   111110 1111                                        
 0578     7C      F    1   111101 1111                                        
 0579     7B      F    1   111101 1111                                        
 0580     7A      F    1   111101 1111                                        
 0581     79      F    1   111101 1111                                        
 0582     78      F    1   111101 1111                                        
 0583     77      8    1   111101 1111                                        
 0584     76      0    1   111101 1111                                        
 0585     76      3    1   111101 1111                                        
 0586     75      0    1   111101 1111                                        
 0587     74      4    1   111101 1111                                        
 0588     73      1    1   111101 1111                                        
 0589     7E      0    1   111101 1111                                        
 0590     7D      0    1   111101 1111                                        
 0591     7C      0    1   111101 1111                                        
 0592     7B      0    1   111101 1111                                        
 0593     7A      0    1   111101 1111                                        
 0594     79      8    1   111101 1111                                        
 0595     78      0    1   111101 1111                                        
 0596     77      5    1   111101 1111                                        
 0597     76      4    1   111101 1111                                        
 0598     75      4    1   111101 1111                                        
 0599     74      4    1   111101 1111                                        
 0600     73      5    1   111101 1111                                        
 0601     7C      F    0   111110 1111                                        
 0602     7B      F    0   111110 1111                                        
 0603     7A      F    0   111110 1111                                        
 0604     79      F    0   111110 1111                                        
 0605     78      F    0   111110 1111                                        
 0606     77      F    0   111110 1111                                        
 0607     76      F    0   111110 1111                                        
 0608     75      F    0   111110 1111                                        
 0609     74      F    0   111110 1111                                        
 0610     73      F    0   111110 1111                                        
 0611     7E      0    0   111110 1111                                        
 0612     7D      0    0   111110 1111                                        
 0613     7C      0    0   111110 1111                                        
 0614     7B      0    0   111110 1111                                        
 0615     7A      0    0   111110 1111                                        
 0616     79      0    0   111110 1111                                        
 0617     78      0    0   111110 1111                                        
 0618     77      0    0   111110 1111                                        
 0619     76      0    0   111110 1111                                        
 0620     75      8    0   111110 1111                                        
 0621     74      0    0   111110 1111                                        
 0622     73      0    0   111110 1111                                        
 0623     7C      F    0   111110 1111                                        
 0624     7B      F    0   111110 1111                                        
 0625     7A      F    0   111110 1111                                        
 0626     79      F    0   111110 1111                                        
 0627     78      F    0   111110 1111                                        
 0628     77      8    0   111110 1111                                        
 0629     76      3    0   111110 1111                                        
 0630     75      0    0   111110 1111                                        
 0631     74      4    0   111110 1111                                        
 0632     73      1    0   111110 1111                                        
 0633     7C      0    0   111110 1111                                        
 0634     7B      0    0   111110 1111                                        
 0635     7A      0    0   111110 1111                                        
 0636     79      4    0   111110 1111                                        
 0637     78      0    0   111110 1111                                        
 0638     77      5    0   111110 1111                                        
 0639     76      4    0   111110 1111                                        
 0640     75      4    0   111110 1111                                        
 0641     74      4    0   111110 1111                                        
 0642     73      5    0   111110 1111                                        
 0643     7C      F    1   111101 1111                                        
 0644     7B      F    1   111101 1111                                        
 0645     7A      F    1   111101 1111                                        
 0646     79      F    1   111101 1111                                        
 0647     78      F    1   111101 1111                                        
 0648     77      8    1   111101 1111                                        
 0649     76      3    1   111101 1111                                        
 0650     75      0    1   111101 1111                                        
 0651     74      4    1   111101 1111                                        
 0652     73      1    1   111101 1111                                        
 0653     7E      0    1   111101 1111                                        
 0654     7D      0    1   111101 1111                                        
 0655     7C      0    1   111101 1111                                        
 0656     7B      0    1   111101 1111                                        
 0657     7A      0    1   111101 1111                                        
 0658     79      C    1   111101 1111                                        
 0659     78      0    1   111101 1111                                        
 0660     77      5    1   111101 1111                                        
 0661     76      4    1   111101 1111                                        
 0662     75      4    1   111101 1111                                        
 0663     74      4    1   111101 1111                                        
 0664     73      5    1   111101 1111                                        
 0665     7C      F    0   111110 1111                                        
 0666     7B      F    0   111110 1111                                        
 0667     7A      F    0   111110 1111                                        
 0668     79      F    0   111110 1111                                        
 0669     78      F    0   111110 1111                                        
 0670     77      F    0   111110 1111                                        
 0671     76      F    0   111110 1111                                        
 0672     75      F    0   111110 1111                                        
 0673     74      F    0   111110 1111                                        
 0674     73      F    0   111110 1111                                        
 0675     7E      0    0   111110 1111                                        
 0676     7D      0    0   111110 1111                                        
 0677     7C      0    0   111110 1111                                        
 0678     7B      0    0   111110 1111                                        
 0679     7A      0    0   111110 1111                                        
 0680     79      0    0   111110 1111                                        
 0681     78      0    0   111110 1111                                        
 0682     77      0    0   111110 1111                                        
 0683     76      0    0   111110 1111                                        
 0684     75      8    0   111110 1111                                        
 0685     74      0    0   111110 1111                                        
 0686     73      0    0   111110 1111                                        
 0687     7C      F    0   111110 1111                                        
 0688     7B      F    0   111110 1111                                        
 0689     7A      0    0   111110 1111                                        
 0690     7A      0    0   111110 1111                                        
 0691     79      F    0   111110 1111                                        
 0692     78      F    0   111110 1111                                        
 0693     77      8    0   111110 1111                                        
 0694     76      3    0   111110 1111                                        
 0695     75      0    0   111110 1111                                        
 0696     74      4    0   111110 1111                                        
 0697     73      1    0   111110 1111                                        
 0698     7C      0    0   111110 1111                                        
 0699     7B      0    0   111110 1111                                        
 0700     7A      3    0   111110 1111                                        
 0701     79      4    0   111110 1111                                        
 0702     78      0    0   111110 1111                                        
 0703     77      5    0   111110 1111                                        
 0704     76      4    0   111110 1111                                        
 0705     75      4    0   111110 1111                                        
 0706     74      4    0   111110 1111                                        
 0707     73      5    0   111110 1111                                        
 0708     7C      F    1   111101 1111                                        
 0709     7B      F    1   111101 1111                                        
 0710     7A      0    1   111101 1111                                        
 0711     79      F    1   111101 1111                                        
 0712     78      F    1   111101 1111                                        
 0713     77      8    1   111101 1111                                        
 0714     76      3    1   111101 1111                                        
 0715     75      0    1   111101 1111                                        
 0716     74      4    1   111101 1111                                        
 0717     73      1    1   111101 1111                                        
 0718     7E      0    1   111101 1111                                        
 0719     7D      0    1   111101 1111                                        
 0720     7C      0    1   111101 1111                                        
 0721     7B      0    1   111101 1111                                        
 0722     7A      3    1   111101 1111                                        
 0723     79      C    1   111101 1111                                        
 0724     78      0    1   111101 1111                                        
 0725     77      5    1   111101 1111                                        
 0726     76      4    1   111101 1111                                        
 0727     75      4    1   111101 1111                                        
 0728     74      4    1   111101 1111                                        
 0729     73      5    1   111101 1111                                        
 0730     7C      F    0   111110 1111                                        
 0731     7B      F    0   111110 1111                                        
 0732     7A      F    0   111110 1111                                        
 0733     79      F    0   111110 1111                                        
 0734     78      F    0   111110 1111                                        
 0735     77      F    0   111110 1111                                        
 0736     76      F    0   111110 1111                                        
 0737     75      F    0   111110 1111                                        
 0738     74      F    0   111110 1111                                        
 0739     73      F    0   111110 1111                                        
 0740     7E      0    0   111110 1111                                        
 0741     7D      0    0   111110 1111                                        
 0742     7C      0    0   111110 1111                                        
 0743     7B      0    0   111110 1111                                        
 0744     7A      0    0   111110 1111                                        
 0745     79      0    0   111110 1111                                        
 0746     78      0    0   111110 1111                                        
 0747     77      0    0   111110 1111                                        
 0748     76      0    0   111110 1111                                        
 0749     75      8    0   111110 1111                                        
 0750     74      0    0   111110 1111                                        
 0751     73      0    0   111110 1111                                        
 0752     72      0    1   111101 1111                                        
 0753     7F      0    0   111110 1111                                        
 0754     7E      8    0   111110 1111                                        
 0755     7D      6    0   111110 1111                                        
 0756     7C      1    0   111110 1111                                        
 0757     7E      B    1   111101 1111                                        
 0758     7D      B    1   111101 1111                                        
 0759     7C      F    1   111101 1111                                        
 0760     7B      F    1   111101 1111                                        
 0761     7A      0    1   111101 1111                                        
 0762     79      F    1   111101 1111                                        
 0763     78      F    1   111101 1111                                        
 0764     77      8    1   111101 1111                                        
 0765     76      3    1   111101 1111                                        
 0766     75      0    1   111101 1111                                        
 0767     74      4    1   111101 1111                                        
 0768     73      1    1   111101 1111                                        
 0769     7E      0    1   111101 1111                                        
 0770     7D      0    1   111101 1111                                        
 0771     7C      0    1   111101 1111                                        
 0772     7B      0    1   111101 1111                                        
 0773     7A      3    1   111101 1111                                        
 0774     79      C    1   111101 1111                                        
 0775     78      0    1   111101 1111                                        
 0776     77      5    1   111101 1111                                        
 0777     76      4    1   111101 1111                                        
 0778     75      4    1   111101 1111                                        
 0779     74      4    1   111101 1111                                        
 0780     73      5    1   111101 1111                                        
 0781     7E      B    0   111110 1111                                        
 0782     7D      B    0   111110 1111                                        
 0783     7C      F    0   111110 1111                                        
 0784     7B      F    0   111110 1111                                        
 0785     7A      F    0   111110 1111                                        
 0786     79      F    0   111110 1111                                        
 0787     78      F    0   111110 1111                                        
 0788     77      F    0   111110 1111                                        
 0789     76      F    0   111110 1111                                        
 0790     75      F    0   111110 1111                                        
 0791     74      F    0   111110 1111                                        
 0792     73      F    0   111110 1111                                        
 0793     7E      0    0   111110 1111                                        
 0794     7D      0    0   111110 1111                                        
 0795     7C      0    0   111110 1111                                        
 0796     7B      0    0   111110 1111                                        
 0797     7A      0    0   111110 1111                                        
 0798     79      0    0   111110 1111                                        
 0799     78      0    0   111110 1111                                        
 0800     77      0    0   111110 1111                                        
 0801     76      0    0   111110 1111                                        
 0802     75      8    0   111110 1111                                        
 0803     74      0    0   111110 1111                                        
 0804     00      F    0   000000 0000                                        
 0805     00      F    0   000000 0000                                        
 0806     00      F    0   000000 0000                                        
 0807     00      F    0   000000 0000                                        
 0808     00      F    0   000000 0000                                        
 0809     00      F    0   000000 0000                                        
 0810     00      F    0   000000 0000                                        
 0811     00      F    0   000000 0000                                        
 0812     00      F    0   000000 0000                                        
 0813     00      F    0   000000 0000                                        
 0814     00      F    0   000000 0000                                        
 0815     00      F    0   000000 0000                                        
 0816     00      F    0   000000 0000                                        
 0817     00      F    0   000000 0000                                        
 0818     00      F    0   000000 0000                                        
 0819     00      F    0   000000 0000                                        
 0820     00      F    0   000000 0000                                        
 0821     00      F    0   000000 0000                                        
 0822     00      F    0   000000 0000                                        
 0823     00      F    0   000000 0000                                        
 0824     00      F    0   000000 0000                                        
 0825     00      F    0   000000 0000                                        
 0826     00      F    0   000000 0000                                        
 0827     00      F    0   000000 0000                                        
 0828     00      F    0   000000 0000                                        
 0829     00      F    0   000000 0000                                        
 0830     00      F    0   000000 0000                                        
 0831     00      F    0   000000 0000                                        
 0832     00      F    0   000000 0000                                        
 0833     00      F    0   000000 0000                                        
 0834     00      F    0   000000 0000                                        
 0835     00      F    0   000000 0000                                        
 0836     00      F    0   000000 0000                                        
 0837     00      F    0   000000 0000                                        
 0838     00      F    0   000000 0000                                        
 0839     00      F    0   000000 0000                                        
 0840     00      F    0   000000 0000                                        
 0841     00      F    0   000000 0000                                        
 0842     00      F    0   000000 0000                                        
 0843     00      F    0   000000 0000                                        
 0844     00      F    0   000000 0000                                        
 0845     00      F    0   000000 0000                                        
 0846     00      F    0   000000 0000                                        
 0847     00      F    0   000000 0000                                        
 0848     00      F    0   000000 0000                                        
 0849     00      F    0   000000 0000                                        
