 STATE LISTING OF AQU MEM  
  POS         ADDR    DATA   WE  CE    
 0000 T   7F      0    0   111100 1111                                        
 0001     7E      C    0   111100 1111                                        
 0002     7D      0    0   111100 1111                                        
 0003     7C      3    0   111100 1111                                        
 0004     7E      0    0   111100 1111                                        
 0005     7D      0    0   111100 1111                                        
 0006     7C      0    0   111100 1111                                        
 0007     7B      0    0   111100 1111                                        
 0008     7A      0    0   111100 1111                                        
 0009     79      0    0   111100 1111                                        
 0010     78      0    0   111100 1111                                        
 0011     77      0    0   111100 1111                                        
 0012     76      0    0   111100 1111                                        
 0013     75      0    0   111100 1111                                        
 0014     74      0    0   111100 1111                                        
 0015     73      0    0   111100 1111                                        
 0016     7E      0    0   111100 1111                                        
 0017     7D      0    0   111100 1111                                        
 0018     7C      0    0   111100 1111                                        
 0019     7B      0    0   111100 1111                                        
 0020     7A      0    0   111100 1111                                        
 0021     79      0    0   111100 1111                                        
 0022     78      0    0   111100 1111                                        
 0023     77      0    0   111100 1111                                        
 0024     76      0    0   111100 1111                                        
 0025     75      0    0   111100 1111                                        
 0026     74      0    0   111100 1111                                        
 0027     73      0    0   111100 1111                                        
 0028     7F      0    1   111101 1111                                        
 0029     7E      C    1   111101 1111                                        
 0030     7D      0    1   111101 1111                                        
 0031     7C      4    1   111101 1111                                        
 0032     7B      0    1   111101 1111                                        
 0033     7A      4    1   111101 1111                                        
 0034     79      4    1   111101 1111                                        
 0035     78      C    1   111101 1111                                        
 0036     77      C    1   111101 1111                                        
 0037     76      3    1   111101 1111                                        
 0038     75      6    1   111101 1111                                        
 0039     74      0    1   111101 1111                                        
 0040     73      1    1   111101 1111                                        
 0041     72      5    1   111101 1111                                        
 0042     71      0    1   111101 1111                                        
 0043     70      E    1   111101 1111                                        
 0044     7F      3    1   111101 1111                                        
 0045     7E      F    1   111101 1111                                        
 0046     7D      0    1   111101 1111                                        
 0047     7D      0    1   111101 1111                                        
 0048     7C      0    1   111101 1111                                        
 0049     7B      0    1   111101 1111                                        
 0050     7A      0    1   111101 1111                                        
 0051     79      C    1   111101 1111                                        
 0052     78      0    1   111101 1111                                        
 0053     77      0    1   111101 1111                                        
 0054     76      E    1   111101 1111                                        
 0055     75      7    1   111101 1111                                        
 0056     74      0    1   111101 1111                                        
 0057     72      0    1   111101 1111                                        
 0058     71      0    1   111101 1111                                        
 0059     70      4    1   111101 1111                                        
 0060     7F      0    1   111111 1111                                        
 0061     7F      0    1   111111 1111                                        
 0062     7E      0    1   111111 1111                                        
 0063     7D      0    1   111111 1111                                        
 0064     7C      0    1   111111 1111                                        
 0065     7B      1    1   111111 1111                                        
 0066     7A      4    1   111111 1111                                        
 0067     79      4    1   111111 1111                                        
 0068     78      C    1   111111 1111                                        
 0069     70      E    1   111101 1111                                        
 0070     7F      0    1   111101 1111                                        
 0071     7F      0    1   111101 1111                                        
 0072     7E      4    1   111101 1111                                        
 0073     7D      1    1   111101 1111                                        
 0074     77      5    1   111101 1111                                        
 0075     76      0    1   111101 1111                                        
 0076     75      0    1   111101 1111                                        
 0077     41      F    1   111111 1111                                        
 0078     40      F    1   111111 1111                                        
 0079     7F      F    1   111101 1111                                        
 0080     7E      F    1   111101 1111                                        
 0081     7D      1    1   111101 1111                                        
 0082     7C      0    1   111101 1111                                        
 0083     7B      0    1   111101 1111                                        
 0084     7A      0    1   111101 1111                                        
 0085     79      0    1   111101 1111                                        
 0086     78      4    1   111101 1111                                        
 0087     77      1    1   111101 1111                                        
 0088     76      E    1   111101 1111                                        
 0089     75      7    1   111101 1111                                        
 0090     74      0    1   111101 1111                                        
 0091     7F      9    1   111101 1111                                        
 0092     7E      9    1   111101 1111                                        
 0093     7D      0    1   111101 1111                                        
 0094     7C      3    1   111101 1111                                        
 0095     7B      0    1   111101 1111                                        
 0096     7A      9    1   111101 1111                                        
 0097     79      1    1   111101 1111                                        
 0098     78      8    1   111101 1111                                        
 0099     77      4    1   111101 1111                                        
 0100     76      4    1   111101 1111                                        
 0101     75      5    1   111101 1111                                        
 0102     74      9    1   111101 1111                                        
 0103     73      1    1   111101 1111                                        
 0104     72      3    1   111101 1111                                        
 0105     71      4    1   111101 1111                                        
 0106     70      0    1   111101 1111                                        
 0107     7F      0    1   111111 1111                                        
 0108     7E      0    1   111111 1111                                        
 0109     7D      0    1   111111 1111                                        
 0110     7C      0    1   111111 1111                                        
 0111     7B      1    1   111111 1111                                        
 0112     7A      9    1   111111 1111                                        
 0113     79      1    1   111111 1111                                        
 0114     78      8    1   111111 1111                                        
 0115     77      0    1   111111 1111                                        
 0116     77      4    1   111111 1111                                        
 0117     76      4    1   111111 1111                                        
 0118     75      5    1   111111 1111                                        
 0119     74      9    1   111111 1111                                        
 0120     73      1    1   111111 1111                                        
 0121     72      3    1   111111 1111                                        
 0122     71      0    1   111111 1111                                        
 0123     71      4    1   111111 1111                                        
 0124     70      0    1   111111 1111                                        
 0125     72      0    1   111101 1111                                        
 0126     78      F    0   111110 1111                                        
 0127     7F      0    0   111110 1111                                        
 0128     7A      F    0   111110 1111                                        
 0129     74      F    0   111110 1111                                        
 0130     70      F    0   111110 1111                                        
 0131     7F      1    1   111111 1111                                        
 0132     7E      5    1   111111 1111                                        
 0133     7D      4    1   111111 1111                                        
 0134     7C      4    1   111111 1111                                        
 0135     7B      0    1   111111 1111                                        
 0136     7A      4    1   111111 1111                                        
 0137     79      3    1   111111 1111                                        
 0138     78      4    1   111111 1111                                        
 0139     77      8    1   111111 1111                                        
 0140     76      5    1   111111 1111                                        
 0141     75      F    1   111111 1111                                        
 0142     74      0    1   111111 1111                                        
 0143     73      F    1   111111 1111                                        
 0144     72      4    1   111111 1111                                        
 0145     71      0    1   111111 1111                                        
 0146     70      3    1   111111 1111                                        
 0147     6F      8    1   111111 1111                                        
 0148     6E      1    1   111111 1111                                        
 0149     6D      F    1   111111 1111                                        
 0150     6C      0    1   111111 1111                                        
 0151     6F      F    1   111111 1111                                        
 0152     6E      F    1   111111 1111                                        
 0153     7C      0    0   111110 1111                                        
 0154     7B      0    0   111110 1111                                        
 0155     7A      0    0   111110 1111                                        
 0156     79      0    0   111110 1111                                        
 0157     78      0    0   111110 1111                                        
 0158     77      0    0   111110 1111                                        
 0159     76      0    0   111110 1111                                        
 0160     75      0    0   111110 1111                                        
 0161     74      0    0   111110 1111                                        
 0162     73      0    0   111110 1111                                        
 0163     7C      F    0   111110 1111                                        
 0164     7B      F    0   111110 1111                                        
 0165     7A      F    0   111110 1111                                        
 0166     79      F    0   111110 1111                                        
 0167     78      F    0   111110 1111                                        
 0168     77      F    0   111110 1111                                        
 0169     76      F    0   111110 1111                                        
 0170     75      F    0   111110 1111                                        
 0171     74      F    0   111110 1111                                        
 0172     73      F    0   111110 1111                                        
 0173     7C      0    0   111110 1111                                        
 0174     7B      0    0   111110 1111                                        
 0175     7A      0    0   111110 1111                                        
 0176     79      0    0   111110 1111                                        
 0177     78      0    0   111110 1111                                        
 0178     77      0    0   111110 1111                                        
 0179     76      0    0   111110 1111                                        
 0180     75      0    0   111110 1111                                        
 0181     74      0    0   111110 1111                                        
 0182     73      0    0   111110 1111                                        
 0183     7C      F    0   111110 1111                                        
 0184     7B      F    0   111110 1111                                        
 0185     7A      F    0   111110 1111                                        
 0186     79      F    0   111110 1111                                        
 0187     78      F    0   111110 1111                                        
 0188     77      F    0   111110 1111                                        
 0189     76      F    0   111110 1111                                        
 0190     75      F    0   111110 1111                                        
 0191     74      F    0   111110 1111                                        
 0192     73      F    0   111110 1111                                        
 0193     7C      F    1   111101 1111                                        
 0194     7B      F    1   111101 1111                                        
 0195     7A      F    1   111101 1111                                        
 0196     79      F    1   111101 1111                                        
 0197     78      F    1   111101 1111                                        
 0198     77      F    1   111101 1111                                        
 0199     76      F    1   111101 1111                                        
 0200     75      F    1   111101 1111                                        
 0201     74      F    1   111101 1111                                        
 0202     73      F    1   111101 1111                                        
 0203     7E      0    1   111101 1111                                        
 0204     7D      0    1   111101 1111                                        
 0205     7C      0    1   111101 1111                                        
 0206     7B      0    1   111101 1111                                        
 0207     7A      0    1   111101 1111                                        
 0208     79      8    1   111101 1111                                        
 0209     78      0    1   111101 1111                                        
 0210     77      0    1   111101 1111                                        
 0211     76      0    1   111101 1111                                        
 0212     75      0    1   111101 1111                                        
 0213     74      0    1   111101 1111                                        
 0214     73      0    1   111101 1111                                        
 0215     7C      F    0   111110 1111                                        
 0216     7B      F    0   111110 1111                                        
 0217     7A      F    0   111110 1111                                        
 0218     79      F    0   111110 1111                                        
 0219     78      F    0   111110 1111                                        
 0220     77      F    0   111110 1111                                        
 0221     76      F    0   111110 1111                                        
 0222     75      F    0   111110 1111                                        
 0223     74      F    0   111110 1111                                        
 0224     73      F    0   111110 1111                                        
 0225     7E      0    0   111110 1111                                        
 0226     7D      0    0   111110 1111                                        
 0227     7C      0    0   111110 1111                                        
 0228     7B      0    0   111110 1111                                        
 0229     7A      0    0   111110 1111                                        
 0230     79      0    0   111110 1111                                        
 0231     78      0    0   111110 1111                                        
 0232     77      0    0   111110 1111                                        
 0233     76      0    0   111110 1111                                        
 0234     75      8    0   111110 1111                                        
 0235     74      0    0   111110 1111                                        
 0236     73      0    0   111110 1111                                        
 0237     7C      F    0   111110 1111                                        
 0238     7B      F    0   111110 1111                                        
 0239     7A      F    0   111110 1111                                        
 0240     79      F    0   111110 1111                                        
 0241     78      F    0   111110 1111                                        
 0242     77      F    0   111110 1111                                        
 0243     76      F    0   111110 1111                                        
 0244     75      F    0   111110 1111                                        
 0245     74      F    0   111110 1111                                        
 0246     73      1    0   111110 1111                                        
 0247     7C      0    0   111110 1111                                        
 0248     7C      0    0   111110 1111                                        
 0249     7B      0    0   111110 1111                                        
 0250     7A      0    0   111110 1111                                        
 0251     79      0    0   111110 1111                                        
 0252     78      0    0   111110 1111                                        
 0253     77      0    0   111110 1111                                        
 0254     76      0    0   111110 1111                                        
 0255     75      0    0   111110 1111                                        
 0256     74      0    0   111110 1111                                        
 0257     73      5    0   111110 1111                                        
 0258     7C      F    1   111101 1111                                        
 0259     7B      F    1   111101 1111                                        
 0260     7A      F    1   111101 1111                                        
 0261     79      F    1   111101 1111                                        
 0262     78      F    1   111101 1111                                        
 0263     77      F    1   111101 1111                                        
 0264     76      F    1   111101 1111                                        
 0265     75      F    1   111101 1111                                        
 0266     74      F    1   111101 1111                                        
 0267     73      1    1   111101 1111                                        
 0268     73      1    1   111101 1111                                        
 0269     7E      0    1   111101 1111                                        
 0270     7D      0    1   111101 1111                                        
 0271     7C      0    1   111101 1111                                        
 0272     7B      0    1   111101 1111                                        
 0273     7A      0    1   111101 1111                                        
 0274     79      8    1   111101 1111                                        
 0275     78      0    1   111101 1111                                        
 0276     77      0    1   111101 1111                                        
 0277     76      0    1   111101 1111                                        
 0278     75      0    1   111101 1111                                        
 0279     74      0    1   111101 1111                                        
 0280     73      5    1   111101 1111                                        
 0281     7C      F    0   111110 1111                                        
 0282     7B      F    0   111110 1111                                        
 0283     7A      F    0   111110 1111                                        
 0284     79      F    0   111110 1111                                        
 0285     78      F    0   111110 1111                                        
 0286     77      F    0   111110 1111                                        
 0287     76      F    0   111110 1111                                        
 0288     75      F    0   111110 1111                                        
 0289     74      F    0   111110 1111                                        
 0290     73      F    0   111110 1111                                        
 0291     7E      0    0   111110 1111                                        
 0292     7D      0    0   111110 1111                                        
 0293     7C      0    0   111110 1111                                        
 0294     7B      0    0   111110 1111                                        
 0295     7A      0    0   111110 1111                                        
 0296     79      0    0   111110 1111                                        
 0297     78      0    0   111110 1111                                        
 0298     77      0    0   111110 1111                                        
 0299     76      0    0   111110 1111                                        
 0300     75      8    0   111110 1111                                        
 0301     74      0    0   111110 1111                                        
 0302     73      0    0   111110 1111                                        
 0303     7C      F    0   111110 1111                                        
 0304     7B      F    0   111110 1111                                        
 0305     7A      F    0   111110 1111                                        
 0306     79      F    0   111110 1111                                        
 0307     78      F    0   111110 1111                                        
 0308     77      F    0   111110 1111                                        
 0309     76      F    0   111110 1111                                        
 0310     75      F    0   111110 1111                                        
 0311     74      4    0   111110 1111                                        
 0312     73      1    0   111110 1111                                        
 0313     7C      0    0   111110 1111                                        
 0314     7C      0    0   111110 1111                                        
 0315     7B      0    0   111110 1111                                        
 0316     7A      0    0   111110 1111                                        
 0317     79      0    0   111110 1111                                        
 0318     78      0    0   111110 1111                                        
 0319     77      0    0   111110 1111                                        
 0320     76      0    0   111110 1111                                        
 0321     75      0    0   111110 1111                                        
 0322     74      4    0   111110 1111                                        
 0323     73      5    0   111110 1111                                        
 0324     7C      F    1   111101 1111                                        
 0325     7B      F    1   111101 1111                                        
 0326     7A      F    1   111101 1111                                        
 0327     79      F    1   111101 1111                                        
 0328     78      F    1   111101 1111                                        
 0329     77      F    1   111101 1111                                        
 0330     76      F    1   111101 1111                                        
 0331     75      F    1   111101 1111                                        
 0332     74      4    1   111101 1111                                        
 0333     73      1    1   111101 1111                                        
 0334     7E      0    1   111101 1111                                        
 0335     7D      0    1   111101 1111                                        
 0336     7C      0    1   111101 1111                                        
 0337     7B      0    1   111101 1111                                        
 0338     7A      0    1   111101 1111                                        
 0339     79      8    1   111101 1111                                        
 0340     78      0    1   111101 1111                                        
 0341     77      0    1   111101 1111                                        
 0342     76      0    1   111101 1111                                        
 0343     75      0    1   111101 1111                                        
 0344     74      4    1   111101 1111                                        
 0345     73      5    1   111101 1111                                        
 0346     7C      F    0   111110 1111                                        
 0347     7B      F    0   111110 1111                                        
 0348     7A      F    0   111110 1111                                        
 0349     79      F    0   111110 1111                                        
 0350     78      F    0   111110 1111                                        
 0351     77      F    0   111110 1111                                        
 0352     76      F    0   111110 1111                                        
 0353     75      F    0   111110 1111                                        
 0354     74      F    0   111110 1111                                        
 0355     73      F    0   111110 1111                                        
 0356     7E      0    0   111110 1111                                        
 0357     7D      0    0   111110 1111                                        
 0358     7C      0    0   111110 1111                                        
 0359     7B      0    0   111110 1111                                        
 0360     7A      0    0   111110 1111                                        
 0361     79      0    0   111110 1111                                        
 0362     78      0    0   111110 1111                                        
 0363     77      0    0   111110 1111                                        
 0364     76      0    0   111110 1111                                        
 0365     75      8    0   111110 1111                                        
 0366     74      0    0   111110 1111                                        
 0367     73      0    0   111110 1111                                        
 0368     7C      F    0   111110 1111                                        
 0369     7B      F    0   111110 1111                                        
 0370     7A      F    0   111110 1111                                        
 0371     79      F    0   111110 1111                                        
 0372     78      F    0   111110 1111                                        
 0373     77      F    0   111110 1111                                        
 0374     76      F    0   111110 1111                                        
 0375     75      0    0   111110 1111                                        
 0376     75      0    0   111110 1111                                        
 0377     74      4    0   111110 1111                                        
 0378     73      1    0   111110 1111                                        
 0379     7C      0    0   111110 1111                                        
 0380     7B      0    0   111110 1111                                        
 0381     7A      0    0   111110 1111                                        
 0382     79      0    0   111110 1111                                        
 0383     78      0    0   111110 1111                                        
 0384     77      0    0   111110 1111                                        
 0385     76      0    0   111110 1111                                        
 0386     75      4    0   111110 1111                                        
 0387     74      4    0   111110 1111                                        
 0388     73      5    0   111110 1111                                        
 0389     7C      F    1   111101 1111                                        
 0390     7B      F    1   111101 1111                                        
 0391     7A      F    1   111101 1111                                        
 0392     79      F    1   111101 1111                                        
 0393     78      F    1   111101 1111                                        
 0394     77      F    1   111101 1111                                        
 0395     76      F    1   111101 1111                                        
 0396     75      0    1   111101 1111                                        
 0397     74      4    1   111101 1111                                        
 0398     73      1    1   111101 1111                                        
 0399     7E      0    1   111101 1111                                        
 0400     7E      0    1   111101 1111                                        
 0401     7D      0    1   111101 1111                                        
 0402     7C      0    1   111101 1111                                        
 0403     7B      0    1   111101 1111                                        
 0404     7A      0    1   111101 1111                                        
 0405     79      8    1   111101 1111                                        
 0406     78      0    1   111101 1111                                        
 0407     77      0    1   111101 1111                                        
 0408     76      0    1   111101 1111                                        
 0409     75      4    1   111101 1111                                        
 0410     74      4    1   111101 1111                                        
 0411     73      5    1   111101 1111                                        
 0412     7C      F    0   111110 1111                                        
 0413     7B      F    0   111110 1111                                        
 0414     7A      F    0   111110 1111                                        
 0415     79      F    0   111110 1111                                        
 0416     78      F    0   111110 1111                                        
 0417     77      F    0   111110 1111                                        
 0418     76      F    0   111110 1111                                        
 0419     75      F    0   111110 1111                                        
 0420     74      F    0   111110 1111                                        
 0421     73      F    0   111110 1111                                        
 0422     7E      0    0   111110 1111                                        
 0423     7D      0    0   111110 1111                                        
 0424     7C      0    0   111110 1111                                        
 0425     7B      0    0   111110 1111                                        
 0426     7A      0    0   111110 1111                                        
 0427     79      0    0   111110 1111                                        
 0428     78      0    0   111110 1111                                        
 0429     77      0    0   111110 1111                                        
 0430     76      0    0   111110 1111                                        
 0431     75      8    0   111110 1111                                        
 0432     74      0    0   111110 1111                                        
 0433     73      0    0   111110 1111                                        
 0434     7C      F    0   111110 1111                                        
 0435     7B      F    0   111110 1111                                        
 0436     7A      F    0   111110 1111                                        
 0437     79      F    0   111110 1111                                        
 0438     78      F    0   111110 1111                                        
 0439     77      F    0   111110 1111                                        
 0440     76      3    0   111110 1111                                        
 0441     75      0    0   111110 1111                                        
 0442     74      4    0   111110 1111                                        
 0443     73      1    0   111110 1111                                        
 0444     7C      0    0   111110 1111                                        
 0445     7B      0    0   111110 1111                                        
 0446     7A      0    0   111110 1111                                        
 0447     79      0    0   111110 1111                                        
 0448     78      0    0   111110 1111                                        
 0449     77      0    0   111110 1111                                        
 0450     76      4    0   111110 1111                                        
 0451     75      4    0   111110 1111                                        
 0452     74      4    0   111110 1111                                        
 0453     73      5    0   111110 1111                                        
 0454     7C      F    1   111101 1111                                        
 0455     7B      F    1   111101 1111                                        
 0456     7A      F    1   111101 1111                                        
 0457     79      F    1   111101 1111                                        
 0458     78      F    1   111101 1111                                        
 0459     77      F    1   111101 1111                                        
 0460     76      3    1   111101 1111                                        
 0461     75      0    1   111101 1111                                        
 0462     74      4    1   111101 1111                                        
 0463     73      1    1   111101 1111                                        
 0464     7E      0    1   111101 1111                                        
 0465     7D      0    1   111101 1111                                        
 0466     7C      0    1   111101 1111                                        
 0467     7B      0    1   111101 1111                                        
 0468     7A      0    1   111101 1111                                        
 0469     79      8    1   111101 1111                                        
 0470     78      0    1   111101 1111                                        
 0471     77      0    1   111101 1111                                        
 0472     76      4    1   111101 1111                                        
 0473     75      4    1   111101 1111                                        
 0474     74      4    1   111101 1111                                        
 0475     73      5    1   111101 1111                                        
 0476     7C      F    0   111110 1111                                        
 0477     7B      F    0   111110 1111                                        
 0478     7A      F    0   111110 1111                                        
 0479     79      F    0   111110 1111                                        
 0480     78      F    0   111110 1111                                        
 0481     77      F    0   111110 1111                                        
 0482     76      F    0   111110 1111                                        
 0483     75      F    0   111110 1111                                        
 0484     74      F    0   111110 1111                                        
 0485     73      F    0   111110 1111                                        
 0486     7E      0    0   111110 1111                                        
 0487     7D      0    0   111110 1111                                        
 0488     7C      0    0   111110 1111                                        
 0489     7B      0    0   111110 1111                                        
 0490     7A      0    0   111110 1111                                        
 0491     79      0    0   111110 1111                                        
 0492     78      0    0   111110 1111                                        
 0493     77      0    0   111110 1111                                        
 0494     76      0    0   111110 1111                                        
 0495     75      8    0   111110 1111                                        
 0496     74      0    0   111110 1111                                        
 0497     73      0    0   111110 1111                                        
 0498     7C      F    0   111110 1111                                        
 0499     7B      F    0   111110 1111                                        
 0500     7A      F    0   111110 1111                                        
 0501     79      F    0   111110 1111                                        
 0502     78      F    0   111110 1111                                        
 0503     77      8    0   111110 1111                                        
 0504     76      3    0   111110 1111                                        
 0505     75      0    0   111110 1111                                        
 0506     74      4    0   111110 1111                                        
 0507     73      1    0   111110 1111                                        
 0508     7C      0    0   111110 1111                                        
 0509     7B      0    0   111110 1111                                        
 0510     7A      0    0   111110 1111                                        
 0511     79      0    0   111110 1111                                        
 0512     78      0    0   111110 1111                                        
 0513     77      5    0   111110 1111                                        
 0514     76      4    0   111110 1111                                        
 0515     75      4    0   111110 1111                                        
 0516     74      4    0   111110 1111                                        
 0517     73      5    0   111110 1111                                        
 0518     7C      F    1   111101 1111                                        
 0519     7B      F    1   111101 1111                                        
 0520     7A      F    1   111101 1111                                        
 0521     79      F    1   111101 1111                                        
 0522     78      F    1   111101 1111                                        
 0523     77      8    1   111101 1111                                        
 0524     76      3    1   111101 1111                                        
 0525     75      0    1   111101 1111                                        
 0526     74      4    1   111101 1111                                        
 0527     73      1    1   111101 1111                                        
 0528     7E      0    1   111101 1111                                        
 0529     7D      0    1   111101 1111                                        
 0530     7C      0    1   111101 1111                                        
 0531     7B      0    1   111101 1111                                        
 0532     7A      0    1   111101 1111                                        
 0533     79      8    1   111101 1111                                        
 0534     78      0    1   111101 1111                                        
 0535     77      5    1   111101 1111                                        
 0536     76      4    1   111101 1111                                        
 0537     75      4    1   111101 1111                                        
 0538     74      4    1   111101 1111                                        
 0539     73      5    1   111101 1111                                        
 0540     7C      F    0   111110 1111                                        
 0541     7B      F    0   111110 1111                                        
 0542     7A      F    0   111110 1111                                        
 0543     79      F    0   111110 1111                                        
 0544     78      F    0   111110 1111                                        
 0545     77      F    0   111110 1111                                        
 0546     76      F    0   111110 1111                                        
 0547     75      F    0   111110 1111                                        
 0548     74      F    0   111110 1111                                        
 0549     73      F    0   111110 1111                                        
 0550     7E      0    0   111110 1111                                        
 0551     7D      0    0   111110 1111                                        
 0552     7C      0    0   111110 1111                                        
 0553     7B      0    0   111110 1111                                        
 0554     7A      0    0   111110 1111                                        
 0555     79      0    0   111110 1111                                        
 0556     78      0    0   111110 1111                                        
 0557     77      0    0   111110 1111                                        
 0558     76      0    0   111110 1111                                        
 0559     75      8    0   111110 1111                                        
 0560     74      0    0   111110 1111                                        
 0561     73      0    0   111110 1111                                        
 0562     7C      F    0   111110 1111                                        
 0563     7B      F    0   111110 1111                                        
 0564     7A      F    0   111110 1111                                        
 0565     79      F    0   111110 1111                                        
 0566     78      F    0   111110 1111                                        
 0567     77      8    0   111110 1111                                        
 0568     76      3    0   111110 1111                                        
 0569     75      0    0   111110 1111                                        
 0570     74      4    0   111110 1111                                        
 0571     73      1    0   111110 1111                                        
 0572     7C      0    0   111110 1111                                        
 0573     7C      0    0   111110 1111                                        
 0574     7B      0    0   111110 1111                                        
 0575     7A      0    0   111110 1111                                        
 0576     79      0    0   111110 1111                                        
 0577     78      0    0   111110 1111                                        
 0578     77      5    0   111110 1111                                        
 0579     76      4    0   111110 1111                                        
 0580     75      4    0   111110 1111                                        
 0581     74      4    0   111110 1111                                        
 0582     73      5    0   111110 1111                                        
 0583     7C      F    1   111101 1111                                        
 0584     7B      F    1   111101 1111                                        
 0585     7A      F    1   111101 1111                                        
 0586     79      F    1   111101 1111                                        
 0587     78      F    1   111101 1111                                        
 0588     77      8    1   111101 1111                                        
 0589     76      3    1   111101 1111                                        
 0590     75      0    1   111101 1111                                        
 0591     74      4    1   111101 1111                                        
 0592     73      1    1   111101 1111                                        
 0593     7E      0    1   111101 1111                                        
 0594     7D      0    1   111101 1111                                        
 0595     7C      0    1   111101 1111                                        
 0596     7B      0    1   111101 1111                                        
 0597     7A      0    1   111101 1111                                        
 0598     79      8    1   111101 1111                                        
 0599     78      0    1   111101 1111                                        
 0600     77      5    1   111101 1111                                        
 0601     76      4    1   111101 1111                                        
 0602     76      4    1   111101 1111                                        
 0603     75      4    1   111101 1111                                        
 0604     74      4    1   111101 1111                                        
 0605     73      5    1   111101 1111                                        
 0606     7C      F    0   111110 1111                                        
 0607     7B      F    0   111110 1111                                        
 0608     7A      F    0   111110 1111                                        
 0609     79      F    0   111110 1111                                        
 0610     78      F    0   111110 1111                                        
 0611     77      F    0   111110 1111                                        
 0612     76      F    0   111110 1111                                        
 0613     75      F    0   111110 1111                                        
 0614     74      F    0   111110 1111                                        
 0615     73      F    0   111110 1111                                        
 0616     7E      0    0   111110 1111                                        
 0617     7D      0    0   111110 1111                                        
 0618     7C      0    0   111110 1111                                        
 0619     7B      0    0   111110 1111                                        
 0620     7A      0    0   111110 1111                                        
 0621     79      0    0   111110 1111                                        
 0622     78      0    0   111110 1111                                        
 0623     77      0    0   111110 1111                                        
 0624     76      0    0   111110 1111                                        
 0625     75      8    0   111110 1111                                        
 0626     74      0    0   111110 1111                                        
 0627     73      0    0   111110 1111                                        
 0628     7C      F    0   111110 1111                                        
 0629     7B      F    0   111110 1111                                        
 0630     7A      F    0   111110 1111                                        
 0631     79      F    0   111110 1111                                        
 0632     78      F    0   111110 1111                                        
 0633     77      8    0   111110 1111                                        
 0634     76      3    0   111110 1111                                        
 0635     75      0    0   111110 1111                                        
 0636     74      4    0   111110 1111                                        
 0637     73      1    0   111110 1111                                        
 0638     7C      0    0   111110 1111                                        
 0639     7B      0    0   111110 1111                                        
 0640     7A      0    0   111110 1111                                        
 0641     79      4    0   111110 1111                                        
 0642     78      0    0   111110 1111                                        
 0643     77      5    0   111110 1111                                        
 0644     76      4    0   111110 1111                                        
 0645     75      4    0   111110 1111                                        
 0646     74      4    0   111110 1111                                        
 0647     73      5    0   111110 1111                                        
 0648     7C      F    1   111101 1111                                        
 0649     7B      F    1   111101 1111                                        
 0650     7A      F    1   111101 1111                                        
 0651     79      F    1   111101 1111                                        
 0652     78      F    1   111101 1111                                        
 0653     77      8    1   111101 1111                                        
 0654     76      3    1   111101 1111                                        
 0655     75      0    1   111101 1111                                        
 0656     74      4    1   111101 1111                                        
 0657     73      1    1   111101 1111                                        
 0658     7E      0    1   111101 1111                                        
 0659     7D      0    1   111101 1111                                        
 0660     7C      0    1   111101 1111                                        
 0661     7B      0    1   111101 1111                                        
 0662     7A      0    1   111101 1111                                        
 0663     79      C    1   111101 1111                                        
 0664     78      0    1   111101 1111                                        
 0665     77      5    1   111101 1111                                        
 0666     76      4    1   111101 1111                                        
 0667     75      4    1   111101 1111                                        
 0668     74      4    1   111101 1111                                        
 0669     73      5    1   111101 1111                                        
 0670     7C      F    0   111110 1111                                        
 0671     7B      F    0   111110 1111                                        
 0672     7A      F    0   111110 1111                                        
 0673     79      F    0   111110 1111                                        
 0674     78      F    0   111110 1111                                        
 0675     77      F    0   111110 1111                                        
 0676     76      F    0   111110 1111                                        
 0677     75      F    0   111110 1111                                        
 0678     74      F    0   111110 1111                                        
 0679     73      F    0   111110 1111                                        
 0680     7E      0    0   111110 1111                                        
 0681     7D      0    0   111110 1111                                        
 0682     7C      0    0   111110 1111                                        
 0683     7B      0    0   111110 1111                                        
 0684     7A      0    0   111110 1111                                        
 0685     79      0    0   111110 1111                                        
 0686     78      0    0   111110 1111                                        
 0687     77      0    0   111110 1111                                        
 0688     76      0    0   111110 1111                                        
 0689     75      8    0   111110 1111                                        
 0690     74      0    0   111110 1111                                        
 0691     73      0    0   111110 1111                                        
 0692     7C      F    0   111110 1111                                        
 0693     7B      F    0   111110 1111                                        
 0694     7A      0    0   111110 1111                                        
 0695     79      F    0   111110 1111                                        
 0696     78      F    0   111110 1111                                        
 0697     77      8    0   111110 1111                                        
 0698     76      3    0   111110 1111                                        
 0699     75      0    0   111110 1111                                        
 0700     74      4    0   111110 1111                                        
 0701     73      0    0   111110 1111                                        
 0702     73      1    0   111110 1111                                        
 0703     7C      0    0   111110 1111                                        
 0704     7B      0    0   111110 1111                                        
 0705     7A      3    0   111110 1111                                        
 0706     79      4    0   111110 1111                                        
 0707     78      0    0   111110 1111                                        
 0708     77      5    0   111110 1111                                        
 0709     76      4    0   111110 1111                                        
 0710     75      4    0   111110 1111                                        
 0711     74      4    0   111110 1111                                        
 0712     73      5    0   111110 1111                                        
 0713     7C      F    1   111101 1111                                        
 0714     7B      F    1   111101 1111                                        
 0715     7A      0    1   111101 1111                                        
 0716     7A      0    1   111101 1111                                        
 0717     79      F    1   111101 1111                                        
 0718     78      F    1   111101 1111                                        
 0719     77      8    1   111101 1111                                        
 0720     76      3    1   111101 1111                                        
 0721     75      0    1   111101 1111                                        
 0722     74      4    1   111101 1111                                        
 0723     73      1    1   111101 1111                                        
 0724     7E      0    1   111101 1111                                        
 0725     7D      0    1   111101 1111                                        
 0726     7C      0    1   111101 1111                                        
 0727     7B      0    1   111101 1111                                        
 0728     7A      3    1   111101 1111                                        
 0729     79      0    1   111101 1111                                        
 0730     79      C    1   111101 1111                                        
 0731     78      0    1   111101 1111                                        
 0732     77      5    1   111101 1111                                        
 0733     76      4    1   111101 1111                                        
 0734     75      4    1   111101 1111                                        
 0735     74      4    1   111101 1111                                        
 0736     73      5    1   111101 1111                                        
 0737     7C      F    0   111110 1111                                        
 0738     7B      F    0   111110 1111                                        
 0739     7A      F    0   111110 1111                                        
 0740     79      F    0   111110 1111                                        
 0741     78      F    0   111110 1111                                        
 0742     77      F    0   111110 1111                                        
 0743     76      F    0   111110 1111                                        
 0744     75      F    0   111110 1111                                        
 0745     74      F    0   111110 1111                                        
 0746     73      F    0   111110 1111                                        
 0747     7E      0    0   111110 1111                                        
 0748     7D      0    0   111110 1111                                        
 0749     7C      0    0   111110 1111                                        
 0750     7B      0    0   111110 1111                                        
 0751     7A      0    0   111110 1111                                        
 0752     79      0    0   111110 1111                                        
 0753     78      0    0   111110 1111                                        
 0754     77      0    0   111110 1111                                        
 0755     76      0    0   111110 1111                                        
 0756     75      8    0   111110 1111                                        
 0757     74      0    0   111110 1111                                        
 0758     73      0    0   111110 1111                                        
 0759     72      0    1   111101 1111                                        
 0760     7F      0    0   111110 1111                                        
 0761     7E      8    0   111110 1111                                        
 0762     7D      6    0   111110 1111                                        
 0763     7C      1    0   111110 1111                                        
 0764     7E      B    1   111101 1111                                        
 0765     7D      B    1   111101 1111                                        
 0766     7C      F    1   111101 1111                                        
 0767     7B      F    1   111101 1111                                        
 0768     7A      0    1   111101 1111                                        
 0769     79      F    1   111101 1111                                        
 0770     78      F    1   111101 1111                                        
 0771     77      8    1   111101 1111                                        
 0772     76      3    1   111101 1111                                        
 0773     75      0    1   111101 1111                                        
 0774     74      4    1   111101 1111                                        
 0775     73      1    1   111101 1111                                        
 0776     7E      0    1   111101 1111                                        
 0777     7D      0    1   111101 1111                                        
 0778     7C      0    1   111101 1111                                        
 0779     7B      0    1   111101 1111                                        
 0780     7A      3    1   111101 1111                                        
 0781     79      C    1   111101 1111                                        
 0782     78      0    1   111101 1111                                        
 0783     77      5    1   111101 1111                                        
 0784     76      4    1   111101 1111                                        
 0785     75      4    1   111101 1111                                        
 0786     74      4    1   111101 1111                                        
 0787     73      5    1   111101 1111                                        
 0788     7E      B    0   111110 1111                                        
 0789     7D      B    0   111110 1111                                        
 0790     7C      F    0   111110 1111                                        
 0791     7B      F    0   111110 1111                                        
 0792     7A      F    0   111110 1111                                        
 0793     79      F    0   111110 1111                                        
 0794     78      F    0   111110 1111                                        
 0795     77      F    0   111110 1111                                        
 0796     76      F    0   111110 1111                                        
 0797     75      F    0   111110 1111                                        
 0798     74      F    0   111110 1111                                        
 0799     73      F    0   111110 1111                                        
 0800     7E      0    0   111110 1111                                        
 0801     7D      0    0   111110 1111                                        
 0802     7C      0    0   111110 1111                                        
 0803     7B      0    0   111110 1111                                        
 0804     7A      0    0   111110 1111                                        
 0805     79      0    0   111110 1111                                        
 0806     78      0    0   111110 1111                                        
 0807     77      0    0   111110 1111                                        
 0808     76      0    0   111110 1111                                        
 0809     75      8    0   111110 1111                                        
 0810     74      0    0   111110 1111                                        
 0811     73      0    0   111110 1111                                        
 0812     75      7    1   111101 1111                                        
 0813     74      8    1   111101 1111                                        
 0814     73      2    1   111101 1111                                        
 0815     7F      8    1   111111 1111                                        
 0816     7E      5    1   111111 1111                                        
 0817     7C      0    0   111110 1111                                        
 0818     7B      0    0   111110 1111                                        
 0819     7A      0    0   111110 1111                                        
 0820     79      0    0   111110 1111                                        
 0821     78      0    0   111110 1111                                        
 0822     77      0    0   111110 1111                                        
 0823     76      0    0   111110 1111                                        
 0824     75      0    0   111110 1111                                        
 0825     74      0    0   111110 1111                                        
 0826     73      0    0   111110 1111                                        
 0827     7C      F    0   111110 1111                                        
 0828     7B      F    0   111110 1111                                        
 0829     7A      F    0   111110 1111                                        
 0830     79      F    0   111110 1111                                        
 0831     78      F    0   111110 1111                                        
 0832     77      F    0   111110 1111                                        
 0833     76      F    0   111110 1111                                        
 0834     75      F    0   111110 1111                                        
 0835     74      F    0   111110 1111                                        
 0836     73      F    0   111110 1111                                        
 0837     7C      0    0   111110 1111                                        
 0838     7B      0    0   111110 1111                                        
 0839     7A      0    0   111110 1111                                        
 0840     79      0    0   111110 1111                                        
 0841     78      0    0   111110 1111                                        
 0842     77      0    0   111110 1111                                        
 0843     76      0    0   111110 1111                                        
 0844     75      0    0   111110 1111                                        
 0845     74      0    0   111110 1111                                        
 0846     73      0    0   111110 1111                                        
 0847     7C      F    0   111110 1111                                        
 0848     7B      F    0   111110 1111                                        
 0849     7A      F    0   111110 1111                                        
 0850     79      F    0   111110 1111                                        
 0851     78      F    0   111110 1111                                        
 0852     77      F    0   111110 1111                                        
 0853     76      F    0   111110 1111                                        
 0854     75      F    0   111110 1111                                        
 0855     74      F    0   111110 1111                                        
 0856     73      F    0   111110 1111                                        
 0857     7C      F    0   111110 1111                                        
 0858     7B      F    0   111110 1111                                        
 0859     7A      F    0   111110 1111                                        
 0860     79      F    0   111110 1111                                        
 0861     78      F    0   111110 1111                                        
 0862     77      F    0   111110 1111                                        
 0863     76      F    0   111110 1111                                        
 0864     75      F    0   111110 1111                                        
 0865     74      F    0   111110 1111                                        
 0866     73      8    0   111110 1111                                        
 0867     7C      0    0   111110 1111                                        
 0868     7B      0    0   111110 1111                                        
 0869     7A      0    0   111110 1111                                        
 0870     79      0    0   111110 1111                                        
 0871     78      0    0   111110 1111                                        
 0872     77      0    0   111110 1111                                        
 0873     76      0    0   111110 1111                                        
 0874     75      0    0   111110 1111                                        
 0875     74      0    0   111110 1111                                        
 0876     73      5    0   111110 1111                                        
 0877     7D      F    1   111111 1111                                        
 0878     7C      F    1   111111 1111                                        
 0879     7E      B    1   111101 1111                                        
 0880     7D      B    1   111101 1111                                        
 0881     7C      F    1   111101 1111                                        
 0882     7B      F    1   111101 1111                                        
 0883     7A      F    1   111101 1111                                        
 0884     79      F    1   111101 1111                                        
 0885     78      F    1   111101 1111                                        
 0886     77      F    1   111101 1111                                        
 0887     76      F    1   111101 1111                                        
 0888     75      F    1   111101 1111                                        
 0889     74      F    1   111101 1111                                        
 0890     73      8    1   111101 1111                                        
 0891     7E      0    1   111101 1111                                        
 0892     7D      0    1   111101 1111                                        
 0893     7C      0    1   111101 1111                                        
 0894     7B      0    1   111101 1111                                        
 0895     7A      0    1   111101 1111                                        
 0896     79      8    1   111101 1111                                        
 0897     78      0    1   111101 1111                                        
 0898     77      0    1   111101 1111                                        
 0899     76      0    1   111101 1111                                        
 0900     75      0    1   111101 1111                                        
 0901     74      0    1   111101 1111                                        
 0902     73      5    1   111101 1111                                        
 0903     7E      B    0   111110 1111                                        
 0904     7D      B    0   111110 1111                                        
 0905     7C      F    0   111110 1111                                        
 0906     7B      F    0   111110 1111                                        
 0907     7A      F    0   111110 1111                                        
 0908     79      F    0   111110 1111                                        
 0909     78      F    0   111110 1111                                        
 0910     77      F    0   111110 1111                                        
 0911     76      F    0   111110 1111                                        
 0912     75      F    0   111110 1111                                        
 0913     74      F    0   111110 1111                                        
 0914     73      F    0   111110 1111                                        
 0915     7E      0    0   111110 1111                                        
 0916     7D      0    0   111110 1111                                        
 0917     7C      0    0   111110 1111                                        
 0918     7B      0    0   111110 1111                                        
 0919     7A      0    0   111110 1111                                        
 0920     79      0    0   111110 1111                                        
 0921     78      0    0   111110 1111                                        
 0922     77      0    0   111110 1111                                        
 0923     76      0    0   111110 1111                                        
 0924     75      8    0   111110 1111                                        
 0925     74      0    0   111110 1111                                        
 0926     73      0    0   111110 1111                                        
 0927     74      E    1   111101 1111                                        
 0928     74      5    1   111101 1111                                        
 0929     74      F    1   111101 1111                                        
 0930     74      0    1   111101 1111                                        
 0931     74      E    1   111101 1111                                        
 0932     74      5    1   111101 1111                                        
 0933     74      F    1   111101 1111                                        
 0934     74      0    1   111101 1111                                        
 0935     74      E    1   111101 1111                                        
 0936     74      5    1   111101 1111                                        
 0937     74      F    1   111101 1111                                        
 0938     74      0    1   111101 1111                                        
 0939     74      E    1   111101 1111                                        
 0940     74      5    1   111101 1111                                        
 0941     74      F    1   111101 1111                                        
 0942     74      0    1   111101 1111                                        
 0943     74      E    1   111101 1111                                        
 0944     74      5    1   111101 1111                                        
 0945     74      F    1   111101 1111                                        
 0946     74      0    1   111101 1111                                        
 0947     74      E    1   111101 1111                                        
 0948     74      5    1   111101 1111                                        
 0949     74      F    1   111101 1111                                        
 0950     74      0    1   111101 1111                                        
 0951     74      E    1   111101 1111                                        
 0952     74      5    1   111101 1111                                        
 0953     74      F    1   111101 1111                                        
 0954     74      0    1   111101 1111                                        
 0955     74      E    1   111101 1111                                        
 0956     74      5    1   111101 1111                                        
 0957     74      F    1   111101 1111                                        
 0958     74      0    1   111101 1111                                        
 0959     74      E    1   111101 1111                                        
 0960     74      5    1   111101 1111                                        
 0961     74      F    1   111101 1111                                        
 0962     74      0    1   111101 1111                                        
 0963     74      E    1   111101 1111                                        
 0964     74      5    1   111101 1111                                        
 0965     74      F    1   111101 1111                                        
 0966     74      0    1   111101 1111                                        
 0967     74      E    1   111101 1111                                        
 0968     74      5    1   111101 1111                                        
 0969     74      F    1   111101 1111                                        
 0970     74      0    1   111101 1111                                        
 0971     74      E    1   111101 1111                                        
 0972     74      5    1   111101 1111                                        
 0973     74      F    1   111101 1111                                        
 0974     74      0    1   111101 1111                                        
 0975     74      E    1   111101 1111                                        
 0976     74      5    1   111101 1111                                        
 0977     74      F    1   111101 1111                                        
 0978     74      0    1   111101 1111                                        
 0979     74      E    1   111101 1111                                        
 0980     74      5    1   111101 1111                                        
 0981     74      F    1   111101 1111                                        
 0982     74      0    1   111101 1111                                        
 0983     74      E    1   111101 1111                                        
 0984     74      5    1   111101 1111                                        
 0985     74      F    1   111101 1111                                        
 0986     74      0    1   111101 1111                                        
 0987     74      E    1   111101 1111                                        
 0988     00      F    0   000000 0000                                        
 0989     00      F    0   000000 0000                                        
 0990     00      F    0   000000 0000                                        
 0991     00      F    0   000000 0000                                        
 0992     00      F    0   000000 0000                                        
 0993     00      F    0   000000 0000                                        
 0994     00      F    0   000000 0000                                        
 0995     00      F    0   000000 0000                                        
 0996     00      F    0   000000 0000                                        
 0997     00      F    0   000000 0000                                        
 0998     00      F    0   000000 0000                                        
 0999     00      F    0   000000 0000                                        
 1000     00      F    0   000000 0000                                        
 1001     00      F    0   000000 0000                                        
 1002     00      F    0   000000 0000                                        
 1003     00      F    0   000000 0000                                        
 1004     00      F    0   000000 0000                                        
 1005     00      F    0   000000 0000                                        
 1006     00      F    0   000000 0000                                        
 1007     00      F    0   000000 0000                                        
 1008     00      F    0   000000 0000                                        
 1009     00      F    0   000000 0000                                        
 1010     00      F    0   000000 0000                                        
 1011     00      F    0   000000 0000                                        
 1012     00      F    0   000000 0000                                        
 1013     00      F    0   000000 0000                                        
 1014     00      F    0   000000 0000                                        
 1015     00      F    0   000000 0000                                        
 1016     00      F    0   000000 0000                                        
 1017     00      F    0   000000 0000                                        
 1018     00      F    0   000000 0000                                        
 1019     00      F    0   000000 0000                                        
 1020     00      F    0   000000 0000                                        
 1021     00      F    0   000000 0000                                        
 1022     00      F    0   000000 0000                                        
 1023     00      F    0   000000 0000                                        
