 STATE LISTING OF AQU MEM  
  POS         ADDR    DATA   WE  CE      
 0000 T   0A      7    1   11111101 1111                                      
 0001     0B      6    1   11111101 1111                                      
 0002     0C      8    1   11111101 1111                                      
 0003     00      2    1   11111111 1111                                      
 0004     01      3    1   11111111 1111                                      
 0005     03      0    0   00111110 1111                                      
 0006     04      0    0   00111110 1111                                      
 0007     05      0    0   00111110 1111                                      
 0008     06      0    0   00111110 1111                                      
 0009     07      0    0   00111110 1111                                      
 0010     08      0    0   00111110 1111                                      
 0011     09      0    0   00111110 1111                                      
 0012     0A      0    0   00111110 1111                                      
 0013     0B      0    0   00111110 1111                                      
 0014     0C      0    0   00111110 1111                                      
 0015     03      F    0   11111110 1111                                      
 0016     04      F    0   11111110 1111                                      
 0017     05      F    0   11111110 1111                                      
 0018     06      F    0   11111110 1111                                      
 0019     07      F    0   11111110 1111                                      
 0020     08      F    0   11111110 1111                                      
 0021     09      F    0   11111110 1111                                      
 0022     0A      F    0   11111110 1111                                      
 0023     0B      F    0   11111110 1111                                      
 0024     0C      F    0   11111110 1111                                      
 0025     03      0    0   11111110 1111                                      
 0026     04      0    0   11111110 1111                                      
 0027     05      0    0   11111110 1111                                      
 0028     06      0    0   11111110 1111                                      
 0029     07      0    0   11111110 1111                                      
 0030     08      0    0   11111110 1111                                      
 0031     09      0    0   11111110 1111                                      
 0032     0A      0    0   11111110 1111                                      
 0033     0B      0    0   11111110 1111                                      
 0034     0C      0    0   11111110 1111                                      
 0035     03      F    0   00111110 1111                                      
 0036     04      F    0   00111110 1111                                      
 0037     05      F    0   00111110 1111                                      
 0038     06      F    0   00111110 1111                                      
 0039     07      F    0   00111110 1111                                      
 0040     08      F    0   00111110 1111                                      
 0041     09      F    0   00111110 1111                                      
 0042     0A      F    0   00111110 1111                                      
 0043     0B      F    0   00111110 1111                                      
 0044     0C      F    0   00111110 1111                                      
 0045     03      F    0   11111110 1111                                      
 0046     04      F    0   11111110 1111                                      
 0047     05      F    0   11111110 1111                                      
 0048     06      F    0   11111110 1111                                      
 0049     07      F    0   11111110 1111                                      
 0050     08      F    0   11111110 1111                                      
 0051     09      F    0   11111110 1111                                      
 0052     0A      F    0   11111110 1111                                      
 0053     0B      F    0   11111110 1111                                      
 0054     0C      2    0   11111110 1111                                      
 0055     0C      2    0   11111110 1111                                      
 0056     03      0    0   11111110 1111                                      
 0057     04      0    0   00111110 1111                                      
 0058     05      0    0   00111110 1111                                      
 0059     06      0    0   00111110 1111                                      
 0060     07      0    0   00111110 1111                                      
 0061     08      0    0   00111110 1111                                      
 0062     09      0    0   00111110 1111                                      
 0063     0A      0    0   00111110 1111                                      
 0064     0B      0    0   00111110 1111                                      
 0065     0C      3    0   00111110 1111                                      
 0066     02      F    1   00111111 1111                                      
 0067     03      F    1   00111111 1111                                      
 0068     01      6    1   11111101 1111                                      
 0069     02      1    1   11111101 1111                                      
 0070     03      F    1   11111101 1111                                      
 0071     04      F    1   11111101 1111                                      
 0072     05      F    1   11111101 1111                                      
 0073     06      F    1   11111101 1111                                      
 0074     07      F    1   11111101 1111                                      
 0075     08      F    1   00111101 1111                                      
 0076     09      F    1   00111101 1111                                      
 0077     0A      F    1   00111101 1111                                      
 0078     0B      F    1   00111101 1111                                      
 0079     0C      2    1   00111101 1111                                      
 0080     01      0    1   00111101 1111                                      
 0081     01      0    1   00111101 1111                                      
 0082     02      0    1   00111101 1111                                      
 0083     03      0    1   00111101 1111                                      
 0084     04      8    1   00111101 1111                                      
 0085     05      0    1   00111101 1111                                      
 0086     06      0    1   00111101 1111                                      
 0087     07      0    1   00111101 1111                                      
 0088     08      0    1   00111101 1111                                      
 0089     09      0    1   00111101 1111                                      
 0090     0A      0    1   00111101 1111                                      
 0091     0B      0    1   11111101 1111                                      
 0092     0C      3    1   11111101 1111                                      
 0093     01      0    0   11111110 1111                                      
 0094     02      8    0   11111110 1111                                      
 0095     03      F    0   11111110 1111                                      
 0096     04      F    0   11111110 1111                                      
 0097     05      F    0   11111110 1111                                      
 0098     06      F    0   11111110 1111                                      
 0099     07      F    0   11111110 1111                                      
 0100     08      F    0   11111110 1111                                      
 0101     09      F    0   11111110 1111                                      
 0102     0A      F    0   11111110 1111                                      
 0103     0B      F    0   11111110 1111                                      
 0104     0C      F    0   11111110 1111                                      
 0105     01      0    0   00111110 1111                                      
 0106     02      0    0   00111110 1111                                      
 0107     03      0    0   00111110 1111                                      
 0108     04      0    0   00111110 1111                                      
 0109     05      0    0   00111110 1111                                      
 0110     06      0    0   00111110 1111                                      
 0111     07      0    0   00111110 1111                                      
 0112     08      0    0   00111110 1111                                      
 0113     09      0    0   00111110 1111                                      
 0114     0A      8    0   00111110 1111                                      
 0115     0B      0    0   00111110 1111                                      
 0116     0C      0    0   00111110 1111                                      
 0117     0B      E    1   00111101 1111                                      
 0118     0B      5    1   11111101 1111                                      
 0119     0B      F    1   00111101 1111                                      
 0120     0B      0    1   00111101 1111                                      
 0121     0B      0    1   00111101 1111                                      
 0122     0B      E    1   00111101 1111                                      
 0123     0B      5    1   00111101 1111                                      
 0124     0B      F    1   00111101 1111                                      
 0125     0B      0    1   00111101 1111                                      
 0126     0B      0    1   00111101 1111                                      
 0127     0B      E    1   00111101 1111                                      
 0128     0B      5    1   00111101 1111                                      
 0129     0A      8    1   11111101 1111                                      
 0130     0B      0    1   11111101 1111                                      
 0131     0B      7    1   11111101 1111                                      
 0132     0C      1    1   11111101 1111                                      
 0133     02      0    1   11111111 1111                                      
 0134     02      0    1   11111111 1111                                      
 0135     03      3    1   00111111 1111                                      
 0136     03      F    0   11111110 1111                                      
 0137     04      F    0   11111110 1111                                      
 0138     05      F    0   11111110 1111                                      
 0139     06      F    0   11111110 1111                                      
 0140     07      F    0   11111110 1111                                      
 0141     08      F    0   11111110 1111                                      
 0142     09      F    0   00111110 1111                                      
 0143     0A      F    0   00111110 1111                                      
 0144     0B      0    0   00111110 1111                                      
 0145     0C      2    0   00111110 1111                                      
 0146     03      0    0   00111110 1111                                      
 0147     04      0    0   00111110 1111                                      
 0148     05      0    0   00111110 1111                                      
 0149     06      0    0   00111110 1111                                      
 0150     07      0    0   00111110 1111                                      
 0151     08      0    0   00111110 1111                                      
 0152     09      0    0   00111110 1111                                      
 0153     0A      0    0   00111110 1111                                      
 0154     0B      3    0   00111110 1111                                      
 0155     0C      3    0   00111110 1111                                      
 0156     04      F    1   00111111 1111                                      
 0157     05      F    1   00111111 1111                                      
 0158     01      6    1   00111101 1111                                      
 0159     02      1    1   00111101 1111                                      
 0160     03      F    1   00111101 1111                                      
 0161     04      F    1   00111101 1111                                      
 0162     05      F    1   00111101 1111                                      
 0163     06      F    1   00111101 1111                                      
 0164     07      F    1   00111101 1111                                      
 0165     08      F    1   00111101 1111                                      
 0166     09      F    1   00111101 1111                                      
 0167     0A      F    1   00111101 1111                                      
 0168     0B      0    1   00111101 1111                                      
 0169     0C      2    1   00111101 1111                                      
 0170     01      0    1   11111101 1111                                      
 0171     01      0    1   11111101 1111                                      
 0172     02      0    1   11111101 1111                                      
 0173     03      0    1   11111101 1111                                      
 0174     04      8    1   11111101 1111                                      
 0175     05      0    1   11111101 1111                                      
 0176     06      0    1   11111101 1111                                      
 0177     07      0    1   11111101 1111                                      
 0178     08      0    1   11111101 1111                                      
 0179     09      0    1   11111101 1111                                      
 0180     0A      0    1   11111101 1111                                      
 0181     0B      3    1   11111101 1111                                      
 0182     0C      3    1   11111101 1111                                      
 0183     01      0    0   00111110 1111                                      
 0184     02      8    0   00111110 1111                                      
 0185     03      F    0   00111110 1111                                      
 0186     04      F    0   00111110 1111                                      
 0187     05      F    0   00111110 1111                                      
 0188     06      F    0   00111110 1111                                      
 0189     07      F    0   00111110 1111                                      
 0190     08      F    0   00111110 1111                                      
 0191     09      F    0   00111110 1111                                      
 0192     0A      F    0   00111110 1111                                      
 0193     0B      F    0   00111110 1111                                      
 0194     0C      F    0   00111110 1111                                      
 0195     0C      F    0   00111110 1111                                      
 0196     01      0    0   00111110 1111                                      
 0197     02      0    0   00111110 1111                                      
 0198     03      0    0   00111110 1111                                      
 0199     04      0    0   11111110 1111                                      
 0200     05      0    0   11111110 1111                                      
 0201     06      0    0   11111110 1111                                      
 0202     07      0    0   11111110 1111                                      
 0203     08      0    0   11111110 1111                                      
 0204     09      0    0   11111110 1111                                      
 0205     0A      8    0   11111110 1111                                      
 0206     0B      0    0   11111110 1111                                      
 0207     0C      0    0   11111110 1111                                      
 0208     0A      E    1   11111101 1111                                      
 0209     0A      5    1   11111101 1111                                      
 0210     0A      F    1   00111101 1111                                      
 0211     0A      0    1   11111101 1111                                      
 0212     0A      0    1   11111101 1111                                      
 0213     0A      E    1   00111101 1111                                      
 0214     0A      5    1   11111101 1111                                      
 0215     0A      F    1   00111101 1111                                      
 0216     0A      0    1   11111101 1111                                      
 0217     0A      0    1   11111101 1111                                      
 0218     0A      2    1   11111101 1111                                      
 0219     0B      7    1   00111101 1111                                      
 0220     0C      1    1   00111101 1111                                      
 0221     04      F    1   00111111 1111                                      
 0222     05      0    1   00111111 1111                                      
 0223     05      0    1   00111111 1111                                      
 0224     03      F    0   11111110 1111                                      
 0225     04      F    0   00111110 1111                                      
 0226     05      F    0   00111110 1111                                      
 0227     06      F    0   00111110 1111                                      
 0228     07      F    0   00111110 1111                                      
 0229     08      F    0   00111110 1111                                      
 0230     09      F    0   00111110 1111                                      
 0231     0A      F    0   00111110 1111                                      
 0232     0B      0    0   00111110 1111                                      
 0233     0C      2    0   00111110 1111                                      
 0234     03      0    0   00111110 1111                                      
 0235     04      0    0   00111110 1111                                      
 0236     05      0    0   00111110 1111                                      
 0237     06      0    0   00111110 1111                                      
 0238     07      0    0   00111110 1111                                      
 0239     08      0    0   00111110 1111                                      
 0240     09      0    0   00111110 1111                                      
 0241     0A      0    0   00111110 1111                                      
 0242     0B      3    0   00111110 1111                                      
 0243     0C      3    0   00111110 1111                                      
 0244     06      F    1   00111111 1111                                      
 0245     07      F    1   00111111 1111                                      
 0246     01      6    1   00111101 1111                                      
 0247     02      1    1   00111101 1111                                      
 0248     03      F    1   00111101 1111                                      
 0249     04      F    1   00111101 1111                                      
 0250     05      F    1   00111101 1111                                      
 0251     06      F    1   00111101 1111                                      
 0252     07      F    1   00111101 1111                                      
 0253     08      F    1   00111101 1111                                      
 0254     09      F    1   00111101 1111                                      
 0255     0A      F    1   00111101 1111                                      
 0256     0B      0    1   00111101 1111                                      
 0257     0C      2    1   00111101 1111                                      
 0258     01      0    1   11111101 1111                                      
 0259     02      0    1   11111101 1111                                      
 0260     03      0    1   11111101 1111                                      
 0261     04      8    1   11111101 1111                                      
 0262     05      0    1   11111101 1111                                      
 0263     06      0    1   11111101 1111                                      
 0264     07      0    1   11111101 1111                                      
 0265     08      0    1   11111101 1111                                      
 0266     09      0    1   11111101 1111                                      
 0267     0A      0    1   11111101 1111                                      
 0268     0B      3    1   11111101 1111                                      
 0269     0C      3    1   11111101 1111                                      
 0270     01      0    0   00111110 1111                                      
 0271     02      8    0   00111110 1111                                      
 0272     03      F    0   00111110 1111                                      
 0273     04      F    0   00111110 1111                                      
 0274     05      F    0   00111110 1111                                      
 0275     06      F    0   00111110 1111                                      
 0276     07      F    0   00111110 1111                                      
 0277     08      F    0   00111110 1111                                      
 0278     09      F    0   00111110 1111                                      
 0279     0A      F    0   00111110 1111                                      
 0280     0B      F    0   00111110 1111                                      
 0281     0C      F    0   00111110 1111                                      
 0282     01      0    0   11111110 1111                                      
 0283     02      0    0   11111110 1111                                      
 0284     03      0    0   11111110 1111                                      
 0285     04      0    0   11111110 1111                                      
 0286     05      0    0   11111110 1111                                      
 0287     06      0    0   11111110 1111                                      
 0288     07      0    0   11111110 1111                                      
 0289     08      0    0   11111110 1111                                      
 0290     09      0    0   11111110 1111                                      
 0291     0A      8    0   11111110 1111                                      
 0292     0B      0    0   11111110 1111                                      
 0293     0C      0    0   11111110 1111                                      
 0294     09      E    1   11111101 1111                                      
 0295     09      5    1   11111101 1111                                      
 0296     09      F    1   11111101 1111                                      
 0297     09      0    1   11111101 1111                                      
 0298     09      0    1   11111101 1111                                      
 0299     09      E    1   11111101 1111                                      
 0300     09      5    1   11111101 1111                                      
 0301     09      F    1   11111101 1111                                      
 0302     09      0    1   11111101 1111                                      
 0303     09      0    1   11111101 1111                                      
 0304     09      E    1   11111101 1111                                      
 0305     09      5    1   11111101 1111                                      
 0306     09      F    1   11111101 1111                                      
 0307     09      0    1   11111101 1111                                      
 0308     09      0    1   11111101 1111                                      
 0309     09      E    1   11111101 1111                                      
 0310     09      5    1   11111101 1111                                      
 0311     09      F    1   11111101 1111                                      
 0312     09      0    1   11111101 1111                                      
 0313     09      0    1   11111101 1111                                      
 0314     09      E    1   11111101 1111                                      
 0315     09      5    1   11111101 1111                                      
 0316     0A      0    1   11111101 1111                                      
 0317     0B      4    1   11111101 1111                                      
 0318     0C      3    1   11111101 1111                                      
 0319     06      9    1   11111111 1111                                      
 0320     07      5    1   00111111 1111                                      
 0321     03      F    0   11111110 1111                                      
 0322     04      F    0   11111110 1111                                      
 0323     05      F    0   11111110 1111                                      
 0324     06      F    0   11111110 1111                                      
 0325     07      F    0   11111110 1111                                      
 0326     08      F    0   11111110 1111                                      
 0327     09      9    0   11111110 1111                                      
 0328     0A      F    0   00111110 1111                                      
 0329     0B      0    0   00111110 1111                                      
 0330     0C      2    0   00111110 1111                                      
 0331     03      0    0   00111110 1111                                      
 0332     04      0    0   00111110 1111                                      
 0333     05      0    0   00111110 1111                                      
 0334     06      0    0   00111110 1111                                      
 0335     07      0    0   00111110 1111                                      
 0336     08      0    0   00111110 1111                                      
 0337     09      5    0   00111110 1111                                      
 0338     0A      0    0   00111110 1111                                      
 0339     0B      3    0   00111110 1111                                      
 0340     0C      3    0   00111110 1111                                      
 0341     08      F    1   00111111 1111                                      
 0342     09      F    1   00111111 1111                                      
 0343     01      6    1   00111101 1111                                      
 0344     02      1    1   00111101 1111                                      
 0345     03      F    1   00111101 1111                                      
 0346     04      F    1   00111101 1111                                      
 0347     05      F    1   00111101 1111                                      
 0348     06      F    1   00111101 1111                                      
 0349     07      F    1   00111101 1111                                      
 0350     08      F    1   00111101 1111                                      
 0351     09      9    1   00111101 1111                                      
 0352     0A      F    1   00111101 1111                                      
 0353     0B      0    1   00111101 1111                                      
 0354     0C      2    1   00111101 1111                                      
 0355     01      0    1   11111101 1111                                      
 0356     02      0    1   11111101 1111                                      
 0357     03      0    1   11111101 1111                                      
 0358     04      8    1   11111101 1111                                      
 0359     05      0    1   11111101 1111                                      
 0360     05      0    1   11111101 1111                                      
 0361     06      0    1   11111101 1111                                      
 0362     07      0    1   11111101 1111                                      
 0363     08      0    1   11111101 1111                                      
 0364     09      5    1   11111101 1111                                      
 0365     0A      0    1   11111101 1111                                      
 0366     0B      3    1   11111101 1111                                      
 0367     0C      3    1   11111101 1111                                      
 0368     01      0    0   11111110 1111                                      
 0369     02      8    0   00111110 1111                                      
 0370     03      F    0   00111110 1111                                      
 0371     04      F    0   00111110 1111                                      
 0372     05      F    0   00111110 1111                                      
 0373     06      F    0   00111110 1111                                      
 0374     07      F    0   00111110 1111                                      
 0375     08      F    0   00111110 1111                                      
 0376     09      F    0   00111110 1111                                      
 0377     0A      F    0   00111110 1111                                      
 0378     0B      F    0   00111110 1111                                      
 0379     0C      F    0   00111110 1111                                      
 0380     01      0    0   00111110 1111                                      
 0381     02      0    0   00111110 1111                                      
 0382     03      0    0   00111110 1111                                      
 0383     04      0    0   00111110 1111                                      
 0384     05      0    0   11111110 1111                                      
 0385     06      0    0   11111110 1111                                      
 0386     07      0    0   11111110 1111                                      
 0387     08      0    0   11111110 1111                                      
 0388     09      0    0   11111110 1111                                      
 0389     0A      8    0   11111110 1111                                      
 0390     0B      0    0   11111110 1111                                      
 0391     0C      0    0   11111110 1111                                      
 0392     08      E    1   11111101 1111                                      
 0393     08      5    1   11111101 1111                                      
 0394     08      F    1   11111101 1111                                      
 0395     08      0    1   11111101 1111                                      
 0396     08      0    1   11111101 1111                                      
 0397     08      E    1   11111101 1111                                      
 0398     08      5    1   11111101 1111                                      
 0399     08      F    1   11111101 1111                                      
 0400     08      0    1   11111101 1111                                      
 0401     08      0    1   11111101 1111                                      
 0402     0A      1    1   11111101 1111                                      
 0403     0B      4    1   11111101 1111                                      
 0404     0C      1    1   11111101 1111                                      
 0405     08      C    1   11111111 1111                                      
 0406     09      1    1   11111111 1111                                      
 0407     03      F    0   11111110 1111                                      
 0408     04      F    0   11111110 1111                                      
 0409     05      F    0   11111110 1111                                      
 0410     06      F    0   11111110 1111                                      
 0411     07      F    0   11111110 1111                                      
 0412     08      C    0   11111110 1111                                      
 0413     09      9    0   11111110 1111                                      
 0414     0A      F    0   11111110 1111                                      
 0415     0B      0    0   11111110 1111                                      
 0416     0C      2    0   11111110 1111                                      
 0417     03      0    0   00111110 1111                                      
 0418     04      0    0   00111110 1111                                      
 0419     05      0    0   00111110 1111                                      
 0420     06      0    0   00111110 1111                                      
 0421     07      0    0   00111110 1111                                      
 0422     08      1    0   00111110 1111                                      
 0423     09      5    0   00111110 1111                                      
 0424     0A      0    0   00111110 1111                                      
 0425     0B      3    0   00111110 1111                                      
 0426     0C      3    0   00111110 1111                                      
 0427     0A      F    1   00111111 1111                                      
 0428     0B      F    1   00111111 1111                                      
 0429     01      6    1   00111101 1111                                      
 0430     02      1    1   00111101 1111                                      
 0431     03      F    1   00111101 1111                                      
 0432     04      F    1   00111101 1111                                      
 0433     05      F    1   00111101 1111                                      
 0434     06      F    1   00111101 1111                                      
 0435     07      F    1   00111101 1111                                      
 0436     08      C    1   00111101 1111                                      
 0437     09      9    1   00111101 1111                                      
 0438     0A      F    1   00111101 1111                                      
 0439     0B      0    1   00111101 1111                                      
 0440     0C      0    1   00111101 1111                                      
 0441     0C      2    1   00111101 1111                                      
 0442     01      0    1   00111101 1111                                      
 0443     02      0    1   00111101 1111                                      
 0444     03      0    1   11111101 1111                                      
 0445     04      8    1   11111101 1111                                      
 0446     05      0    1   11111101 1111                                      
 0447     06      0    1   11111101 1111                                      
 0448     07      0    1   11111101 1111                                      
 0449     08      1    1   11111101 1111                                      
 0450     09      5    1   11111101 1111                                      
 0451     0A      0    1   11111101 1111                                      
 0452     0B      3    1   11111101 1111                                      
 0453     0C      3    1   11111101 1111                                      
 0454     01      0    0   11111110 1111                                      
 0455     02      8    0   11111110 1111                                      
 0456     03      F    0   11111110 1111                                      
 0457     04      F    0   11111110 1111                                      
 0458     05      F    0   11111110 1111                                      
 0459     06      F    0   11111110 1111                                      
 0460     07      F    0   00111110 1111                                      
 0461     08      F    0   00111110 1111                                      
 0462     09      F    0   00111110 1111                                      
 0463     0A      F    0   00111110 1111                                      
 0464     0B      F    0   00111110 1111                                      
 0465     0C      F    0   00111110 1111                                      
 0466     01      0    0   00111110 1111                                      
 0467     02      0    0   00111110 1111                                      
 0468     03      0    0   00111110 1111                                      
 0469     04      0    0   00111110 1111                                      
 0470     05      0    0   00111110 1111                                      
 0471     06      0    0   00111110 1111                                      
 0472     07      0    0   00111110 1111                                      
 0473     08      0    0   00111110 1111                                      
 0474     09      0    0   00111110 1111                                      
 0475     0A      8    0   11111110 1111                                      
 0476     0B      0    0   11111110 1111                                      
 0477     0C      0    0   11111110 1111                                      
 0478     07      E    1   11111101 1111                                      
 0479     07      5    1   11111101 1111                                      
 0480     07      F    1   11111101 1111                                      
 0481     07      0    1   11111101 1111                                      
 0482     07      0    1   11111101 1111                                      
 0483     07      E    1   11111101 1111                                      
 0484     07      5    1   11111101 1111                                      
 0485     07      F    1   11111101 1111                                      
 0486     07      0    1   11111101 1111                                      
 0487     07      0    1   11111101 1111                                      
 0488     07      E    1   11111101 1111                                      
 0489     07      5    1   11111101 1111                                      
 0490     07      F    1   11111101 1111                                      
 0491     07      0    1   11111101 1111                                      
 0492     07      0    1   11111101 1111                                      
 0493     0A      2    1   11111101 1111                                      
 0494     0B      4    1   11111101 1111                                      
 0495     0C      2    1   11111101 1111                                      
 0496     0A      0    1   11111111 1111                                      
 0497     0A      0    1   11111111 1111                                      
 0498     0B      4    1   11111111 1111                                      
 0499     03      F    0   11111110 1111                                      
 0500     04      F    0   11111110 1111                                      
 0501     05      F    0   11111110 1111                                      
 0502     06      F    0   11111110 1111                                      
 0503     07      0    0   11111110 1111                                      
 0504     08      C    0   11111110 1111                                      
 0505     09      9    0   11111110 1111                                      
 0506     0A      F    0   11111110 1111                                      
 0507     0B      0    0   11111110 1111                                      
 0508     0C      2    0   11111110 1111                                      
 0509     03      0    0   11111110 1111                                      
 0510     04      0    0   00111110 1111                                      
 0511     05      0    0   00111110 1111                                      
 0512     06      0    0   00111110 1111                                      
 0513     07      4    0   00111110 1111                                      
 0514     08      1    0   00111110 1111                                      
 0515     09      5    0   00111110 1111                                      
 0516     0A      0    0   00111110 1111                                      
 0517     0B      3    0   00111110 1111                                      
 0518     0C      3    0   00111110 1111                                      
 0519     0C      F    1   00111111 1111                                      
 0520     0D      F    1   00111111 1111                                      
 0521     01      6    1   11111101 1111                                      
 0522     02      1    1   11111101 1111                                      
 0523     03      F    1   11111101 1111                                      
 0524     04      F    1   11111101 1111                                      
 0525     05      F    1   11111101 1111                                      
 0526     06      F    1   11111101 1111                                      
 0527     07      0    1   11111101 1111                                      
 0528     08      C    1   00111101 1111                                      
 0529     09      9    1   00111101 1111                                      
 0530     0A      F    1   00111101 1111                                      
 0531     0B      0    1   00111101 1111                                      
 0532     0C      2    1   00111101 1111                                      
 0533     01      0    1   00111101 1111                                      
 0534     02      0    1   00111101 1111                                      
 0535     03      0    1   00111101 1111                                      
 0536     04      8    1   00111101 1111                                      
 0537     05      0    1   00111101 1111                                      
 0538     06      0    1   00111101 1111                                      
 0539     07      4    1   00111101 1111                                      
 0540     08      1    1   00111101 1111                                      
 0541     09      5    1   00111101 1111                                      
 0542     0A      0    1   00111101 1111                                      
 0543     0B      3    1   11111101 1111                                      
 0544     0C      3    1   11111101 1111                                      
 0545     01      0    0   11111110 1111                                      
 0546     02      8    0   11111110 1111                                      
 0547     03      F    0   11111110 1111                                      
 0548     04      F    0   11111110 1111                                      
 0549     05      F    0   11111110 1111                                      
 0550     06      F    0   11111110 1111                                      
 0551     07      F    0   11111110 1111                                      
 0552     08      F    0   11111110 1111                                      
 0553     09      F    0   11111110 1111                                      
 0554     0A      F    0   11111110 1111                                      
 0555     0B      F    0   11111110 1111                                      
 0556     0C      F    0   11111110 1111                                      
 0557     01      0    0   00111110 1111                                      
 0558     02      0    0   00111110 1111                                      
 0559     03      0    0   00111110 1111                                      
 0560     04      0    0   00111110 1111                                      
 0561     05      0    0   00111110 1111                                      
 0562     06      0    0   00111110 1111                                      
 0563     07      0    0   00111110 1111                                      
 0564     08      0    0   00111110 1111                                      
 0565     09      0    0   00111110 1111                                      
 0566     0A      8    0   00111110 1111                                      
 0567     0B      0    0   00111110 1111                                      
 0568     0C      0    0   00111110 1111                                      
 0569     06      E    1   00111101 1111                                      
 0570     06      5    1   11111101 1111                                      
 0571     06      F    1   00111101 1111                                      
 0572     06      0    1   00111101 1111                                      
 0573     06      0    1   00111101 1111                                      
 0574     06      E    1   00111101 1111                                      
 0575     06      5    1   00111101 1111                                      
 0576     06      F    1   00111101 1111                                      
 0577     06      0    1   00111101 1111                                      
 0578     06      0    1   00111101 1111                                      
 0579     0A      7    1   11111101 1111                                      
 0580     0B      5    1   11111101 1111                                      
 0581     0C      1    1   11111101 1111                                      
 0582     0C      0    1   11111111 1111                                      
 0583     0C      0    1   11111111 1111                                      
 0584     0D      2    1   11111111 1111                                      
 0585     03      F    0   11111110 1111                                      
 0586     04      F    0   11111110 1111                                      
 0587     05      F    0   11111110 1111                                      
 0588     06      0    0   11111110 1111                                      
 0589     06      0    0   11111110 1111                                      
 0590     07      0    0   11111110 1111                                      
 0591     08      C    0   11111110 1111                                      
 0592     09      9    0   11111110 1111                                      
 0593     0A      F    0   11111110 1111                                      
 0594     0B      0    0   11111110 1111                                      
 0595     0C      2    0   11111110 1111                                      
 0596     03      0    0   11111110 1111                                      
 0597     04      0    0   00111110 1111                                      
 0598     05      0    0   00111110 1111                                      
 0599     06      2    0   00111110 1111                                      
 0600     07      4    0   00111110 1111                                      
 0601     08      1    0   00111110 1111                                      
 0602     09      5    0   00111110 1111                                      
 0603     0A      0    0   00111110 1111                                      
 0604     0B      3    0   00111110 1111                                      
 0605     0C      3    0   00111110 1111                                      
 0606     0E      F    1   00111111 1111                                      
 0607     0F      F    1   00111111 1111                                      
 0608     01      6    1   11111101 1111                                      
 0609     02      1    1   11111101 1111                                      
 0610     03      F    1   11111101 1111                                      
 0611     04      F    1   11111101 1111                                      
 0612     05      F    1   11111101 1111                                      
 0613     06      0    1   11111101 1111                                      
 0614     07      0    1   11111101 1111                                      
 0615     08      C    1   00111101 1111                                      
 0616     09      9    1   00111101 1111                                      
 0617     0A      F    1   00111101 1111                                      
 0618     0B      0    1   00111101 1111                                      
 0619     0C      2    1   00111101 1111                                      
 0620     01      0    1   00111101 1111                                      
 0621     01      0    1   00111101 1111                                      
 0622     02      0    1   00111101 1111                                      
 0623     03      0    1   00111101 1111                                      
 0624     04      8    1   00111101 1111                                      
 0625     05      0    1   00111101 1111                                      
 0626     06      2    1   00111101 1111                                      
 0627     07      4    1   00111101 1111                                      
 0628     08      1    1   00111101 1111                                      
 0629     09      5    1   00111101 1111                                      
 0630     0A      0    1   00111101 1111                                      
 0631     0B      3    1   11111101 1111                                      
 0632     0C      3    1   11111101 1111                                      
 0633     01      0    0   11111110 1111                                      
 0634     02      8    0   11111110 1111                                      
 0635     03      F    0   11111110 1111                                      
 0636     04      F    0   11111110 1111                                      
 0637     05      F    0   11111110 1111                                      
 0638     06      F    0   11111110 1111                                      
 0639     07      F    0   11111110 1111                                      
 0640     08      F    0   11111110 1111                                      
 0641     09      F    0   11111110 1111                                      
 0642     0A      F    0   11111110 1111                                      
 0643     0B      F    0   11111110 1111                                      
 0644     0C      F    0   11111110 1111                                      
 0645     01      0    0   00111110 1111                                      
 0646     02      0    0   00111110 1111                                      
 0647     03      0    0   00111110 1111                                      
 0648     04      0    0   00111110 1111                                      
 0649     05      0    0   00111110 1111                                      
 0650     06      0    0   00111110 1111                                      
 0651     07      0    0   00111110 1111                                      
 0652     08      0    0   00111110 1111                                      
 0653     09      0    0   00111110 1111                                      
 0654     0A      8    0   00111110 1111                                      
 0655     0B      0    0   00111110 1111                                      
 0656     0B      0    0   00111110 1111                                      
 0657     0C      0    0   00111110 1111                                      
 0658     05      E    1   00111101 1111                                      
 0659     05      5    1   11111101 1111                                      
 0660     05      F    1   11111101 1111                                      
 0661     05      0    1   11111101 1111                                      
 0662     05      0    1   11111101 1111                                      
 0663     05      E    1   11111101 1111                                      
 0664     05      5    1   11111101 1111                                      
 0665     0A      5    1   11111101 1111                                      
 0666     0B      2    1   11111101 1111                                      
 0667     0C      1    1   11111101 1111                                      
 0668     0E      1    1   11111111 1111                                      
 0669     0F      4    1   11111111 1111                                      
 0670     03      F    0   11111110 1111                                      
 0671     04      F    0   11111110 1111                                      
 0672     05      1    0   11111110 1111                                      
 0673     05      1    0   11111110 1111                                      
 0674     06      0    0   11111110 1111                                      
 0675     07      0    0   11111110 1111                                      
 0676     08      C    0   11111110 1111                                      
 0677     09      9    0   11111110 1111                                      
 0678     0A      F    0   11111110 1111                                      
 0679     0B      0    0   11111110 1111                                      
 0680     0C      2    0   11111110 1111                                      
 0681     03      0    0   00111110 1111                                      
 0682     04      0    0   00111110 1111                                      
 0683     05      4    0   00111110 1111                                      
 0684     06      2    0   00111110 1111                                      
 0685     07      4    0   00111110 1111                                      
 0686     08      1    0   00111110 1111                                      
 0687     09      5    0   00111110 1111                                      
 0688     0A      0    0   00111110 1111                                      
 0689     0B      3    0   00111110 1111                                      
 0690     0C      3    0   00111110 1111                                      
 0691     10      F    1   00111111 1111                                      
 0692     11      F    1   00111111 1111                                      
 0693     01      6    1   11111101 1111                                      
 0694     02      1    1   11111101 1111                                      
 0695     03      F    1   11111101 1111                                      
 0696     04      F    1   11111101 1111                                      
 0697     05      1    1   11111101 1111                                      
 0698     05      1    1   00111101 1111                                      
 0699     06      0    1   00111101 1111                                      
 0700     07      0    1   00111101 1111                                      
 0701     08      C    1   00111101 1111                                      
 0702     09      9    1   00111101 1111                                      
 0703     0A      F    1   00111101 1111                                      
 0704     0B      0    1   00111101 1111                                      
 0705     0C      2    1   00111101 1111                                      
 0706     01      0    1   00111101 1111                                      
 0707     02      0    1   00111101 1111                                      
 0708     03      0    1   00111101 1111                                      
 0709     04      8    1   00111101 1111                                      
 0710     05      4    1   00111101 1111                                      
 0711     06      2    1   00111101 1111                                      
 0712     07      4    1   00111101 1111                                      
 0713     08      1    1   11111101 1111                                      
 0714     09      5    1   11111101 1111                                      
 0715     0A      0    1   11111101 1111                                      
 0716     0B      3    1   11111101 1111                                      
 0717     0C      3    1   11111101 1111                                      
 0718     01      0    0   11111110 1111                                      
 0719     02      8    0   11111110 1111                                      
 0720     03      F    0   11111110 1111                                      
 0721     04      F    0   11111110 1111                                      
 0722     05      F    0   11111110 1111                                      
 0723     06      F    0   11111110 1111                                      
 0724     07      F    0   11111110 1111                                      
 0725     08      F    0   11111110 1111                                      
 0726     09      F    0   11111110 1111                                      
 0727     0A      F    0   11111110 1111                                      
 0728     0B      F    0   11111110 1111                                      
 0729     0C      F    0   00111110 1111                                      
 0730     01      0    0   00111110 1111                                      
 0731     02      0    0   00111110 1111                                      
 0732     03      0    0   00111110 1111                                      
 0733     04      0    0   00111110 1111                                      
 0734     05      0    0   00111110 1111                                      
 0735     06      0    0   00111110 1111                                      
 0736     07      0    0   00111110 1111                                      
 0737     08      0    0   00111110 1111                                      
 0738     09      0    0   00111110 1111                                      
 0739     0A      8    0   00111110 1111                                      
 0740     0B      0    0   00111110 1111                                      
 0741     0C      0    0   00111110 1111                                      
 0742     04      E    1   11111101 1111                                      
 0743     04      D    1   11111101 1111                                      
 0744     04      F    1   00111101 1111                                      
 0745     04      8    1   00111101 1111                                      
 0746     04      E    1   00111101 1111                                      
 0747     04      D    1   00111101 1111                                      
 0748     04      F    1   00111101 1111                                      
 0749     04      8    1   00111101 1111                                      
 0750     0A      6    1   00111101 1111                                      
 0751     0B      4    1   00111101 1111                                      
 0752     0C      1    1   00111101 1111                                      
 0753     01      B    1   11111101 1111                                      
 0754     02      B    1   11111101 1111                                      
 0755     03      F    1   11111101 1111                                      
 0756     04      F    1   11111101 1111                                      
 0757     05      1    1   11111101 1111                                      
 0758     06      0    1   11111101 1111                                      
 0759     07      0    1   11111101 1111                                      
 0760     08      C    1   11111101 1111                                      
 0761     09      9    1   11111101 1111                                      
 0762     0A      F    1   11111101 1111                                      
 0763     0B      0    1   11111101 1111                                      
 0764     0C      2    1   11111101 1111                                      
 0765     01      0    1   11111101 1111                                      
 0766     02      0    1   11111101 1111                                      
 0767     03      0    1   11111101 1111                                      
 0768     04      8    1   00111101 1111                                      
 0769     05      4    1   00111101 1111                                      
 0770     06      2    1   00111101 1111                                      
 0771     07      4    1   00111101 1111                                      
 0772     08      1    1   00111101 1111                                      
 0773     09      5    1   00111101 1111                                      
 0774     0A      0    1   00111101 1111                                      
 0775     0B      3    1   00111101 1111                                      
 0776     0C      3    1   00111101 1111                                      
 0777     01      A    0   00111110 1111                                      
 0778     02      B    0   00111110 1111                                      
 0779     03      F    0   00111110 1111                                      
 0780     04      F    0   00111110 1111                                      
 0781     05      F    0   00111110 1111                                      
 0782     06      F    0   00111110 1111                                      
 0783     07      F    0   00111110 1111                                      
 0784     08      F    0   11111110 1111                                      
 0785     09      F    0   11111110 1111                                      
 0786     0A      F    0   11111110 1111                                      
 0787     0B      F    0   11111110 1111                                      
 0788     0C      F    0   11111110 1111                                      
 0789     01      0    0   11111110 1111                                      
 0790     02      0    0   11111110 1111                                      
 0791     03      0    0   11111110 1111                                      
 0792     04      0    0   11111110 1111                                      
 0793     05      0    0   11111110 1111                                      
 0794     06      0    0   11111110 1111                                      
 0795     07      0    0   11111110 1111                                      
 0796     08      0    0   11111110 1111                                      
 0797     09      0    0   11111110 1111                                      
 0798     0A      8    0   11111110 1111                                      
 0799     0B      0    0   00111110 1111                                      
 0800     0C      0    0   00111110 1111                                      
 0801     00      0    1   11111111 1111                                      
 0802     01      2    1   11111111 1111                                      
 0803     02      0    1   11111111 1111                                      
 0804     03      0    1   11111111 1111                                      
 0805     04      9    1   00111111 1111                                      
 0806     05      5    1   00111111 1111                                      
 0807     06      C    1   11111111 1111                                      
 0808     07      1    1   11111111 1111                                      
 0809     08      0    1   00111111 1111                                      
 0810     09      4    1   00111111 1111                                      
 0811     0A      0    1   11111111 1111                                      
 0812     0B      2    1   11111111 1111                                      
 0813     0C      1    1   11111111 1111                                      
 0814     0D      4    1   11111111 1111                                      
 0815     0E      F    1   11111111 1111                                      
 0816     0F      F    1   00111111 1111                                      
 0817     03      0    0   00111110 1111                                      
 0818     04      0    0   00111110 1111                                      
 0819     05      0    0   00111110 1111                                      
 0820     06      0    0   11111110 1111                                      
 0821     07      0    0   11111110 1111                                      
 0822     08      0    0   11111110 1111                                      
 0823     09      0    0   11111110 1111                                      
 0824     0A      0    0   11111110 1111                                      
 0825     0B      0    0   11111110 1111                                      
 0826     0C      0    0   11111110 1111                                      
 0827     03      F    0   11111110 1111                                      
 0828     04      F    0   11111110 1111                                      
 0829     05      F    0   11111110 1111                                      
 0830     06      F    0   11111110 1111                                      
 0831     07      F    0   11111110 1111                                      
 0832     08      F    0   11111110 1111                                      
 0833     09      F    0   11111110 1111                                      
 0834     0A      F    0   11111110 1111                                      
 0835     0B      F    0   11111110 1111                                      
 0836     0C      F    0   11111110 1111                                      
 0837     03      0    0   11111110 1111                                      
 0838     04      0    0   11111110 1111                                      
 0839     05      0    0   00111110 1111                                      
 0840     06      0    0   00111110 1111                                      
 0841     07      0    0   00111110 1111                                      
 0842     08      0    0   00111110 1111                                      
 0843     09      0    0   00111110 1111                                      
 0844     0A      0    0   00111110 1111                                      
 0845     0B      0    0   00111110 1111                                      
 0846     0C      0    0   00111110 1111                                      
 0847     03      F    0   00111110 1111                                      
 0848     04      F    0   00111110 1111                                      
 0849     05      F    0   00111110 1111                                      
 0850     06      F    0   00111110 1111                                      
 0851     07      F    0   00111110 1111                                      
 0852     08      F    0   00111110 1111                                      
 0853     09      F    0   00111110 1111                                      
 0854     0A      F    0   00111110 1111                                      
 0855     0B      F    0   00111110 1111                                      
 0856     0C      F    0   00111110 1111                                      
 0857     03      F    1   11111101 1111                                      
 0858     04      F    1   11111101 1111                                      
 0859     05      F    1   11111101 1111                                      
 0860     06      F    1   11111101 1111                                      
 0861     07      F    1   11111101 1111                                      
 0862     08      F    1   11111101 1111                                      
 0863     09      F    1   11111101 1111                                      
 0864     0A      F    1   11111101 1111                                      
 0865     0B      F    1   11111101 1111                                      
 0866     0C      F    1   11111101 1111                                      
 0867     01      0    1   11111101 1111                                      
 0868     02      0    1   11111101 1111                                      
 0869     03      0    1   11111101 1111                                      
 0870     04      8    1   11111101 1111                                      
 0871     05      0    1   11111101 1111                                      
 0872     06      0    1   11111101 1111                                      
 0873     07      0    1   11111101 1111                                      
 0874     08      0    1   11111101 1111                                      
 0875     09      0    1   11111101 1111                                      
 0876     0A      0    1   11111101 1111                                      
 0877     0B      0    1   11111101 1111                                      
 0878     0C      0    1   11111101 1111                                      
 0879     03      F    0   00111110 1111                                      
 0880     04      F    0   00111110 1111                                      
 0881     05      F    0   00111110 1111                                      
 0882     06      F    0   00111110 1111                                      
 0883     07      F    0   00111110 1111                                      
 0884     08      F    0   00111110 1111                                      
 0885     09      F    0   00111110 1111                                      
 0886     0A      F    0   00111110 1111                                      
 0887     0B      F    0   00111110 1111                                      
 0888     0C      F    0   00111110 1111                                      
 0889     01      0    0   00111110 1111                                      
 0890     02      0    0   11111110 1111                                      
 0891     03      0    0   11111110 1111                                      
 0892     04      0    0   11111110 1111                                      
 0893     05      0    0   11111110 1111                                      
 0894     06      0    0   11111110 1111                                      
 0895     07      0    0   11111110 1111                                      
 0896     08      0    0   11111110 1111                                      
 0897     09      0    0   11111110 1111                                      
 0898     0A      8    0   11111110 1111                                      
 0899     0B      0    0   11111110 1111                                      
 0900     0C      0    0   11111110 1111                                      
 0901     04      0    1   00111101 1111                                      
 0902     05      5    1   00111101 1111                                      
 0903     06      1    1   00111101 1111                                      
 0904     08      0    1   11111101 1111                                      
 0905     09      5    1   11111101 1111                                      
 0906     0A      1    1   11111101 1111                                      
 0907     0C      0    1   00111101 1111                                      
 0908     0D      5    1   00111101 1111                                      
 0909     0E      1    1   00111101 1111                                      
 0910     00      0    1   00111101 1111                                      
 0911     01      5    1   00111101 1111                                      
 0912     02      1    1   11111101 1111                                      
 0913     04      0    1   11111101 1111                                      
 0914     05      5    1   11111101 1111                                      
 0915     06      1    1   11111101 1111                                      
 0916     08      0    1   00111101 1111                                      
 0917     09      5    1   00111101 1111                                      
 0918     0A      1    1   00111101 1111                                      
 0919     0C      0    1   11111101 1111                                      
 0920     0D      5    1   11111101 1111                                      
 0921     0E      1    1   11111101 1111                                      
 0922     00      0    1   00111101 1111                                      
 0923     01      5    1   00111101 1111                                      
 0924     02      1    1   00111101 1111                                      
 0925     04      0    1   00111101 1111                                      
 0926     05      5    1   00111101 1111                                      
 0927     06      1    1   00111101 1111                                      
 0928     08      0    1   11111101 1111                                      
 0929     09      5    1   11111101 1111                                      
 0930     0A      1    1   11111101 1111                                      
 0931     0D      0    1   11111101 1111                                      
 0932     07      F    0   00111110 1111                                      
 0933     00      0    0   00111110 1111                                      
 0934     05      F    0   00111110 1111                                      
 0935     0B      F    0   00111110 1111                                      
 0936     0F      F    0   11111110 1111                                      
 0937     40      0    1   00111111 1111                                      
 0938     41      2    1   00111111 1111                                      
 0939     42      0    1   11111111 1111                                      
 0940     43      0    1   11111111 1111                                      
 0941     44      9    1   11111111 1111                                      
 0942     45      5    1   00111111 1111                                      
 0943     46      C    1   00111111 1111                                      
 0944     47      1    1   00111111 1111                                      
 0945     48      0    1   11111111 1111                                      
 0946     49      4    1   11111111 1111                                      
 0947     4A      0    1   00111111 1111                                      
 0948     4B      2    1   00111111 1111                                      
 0949     4C      1    1   00111111 1111                                      
 0950     4D      4    1   11111111 1111                                      
 0951     4E      F    1   11111111 1111                                      
 0952     4F      F    1   11111111 1111                                      
 0953     00      F    1   11111111 1111                                      
 0954     01      0    1   11111111 1111                                      
 0955     02      F    1   11111111 1111                                      
 0956     03      0    1   11111111 1111                                      
 0957     04      2    1   00111111 1111                                      
 0958     05      3    1   00111111 1111                                      
 0959     06      0    1   00111111 1111                                      
 0960     07      3    1   11111111 1111                                      
 0961     08      F    1   11111111 1111                                      
 0962     09      0    1   11111111 1111                                      
 0963     09      0    1   11111111 1111                                      
 0964     0A      9    1   11111111 1111                                      
 0965     0B      5    1   00111111 1111                                      
 0966     0C      C    1   11111111 1111                                      
 0967     0D      1    1   11111111 1111                                      
 0968     0E      0    1   11111111 1111                                      
 0969     0F      4    1   11111111 1111                                      
 0970     10      0    1   00111111 1111                                      
 0971     11      2    1   11111111 1111                                      
 0972     12      1    1   00111111 1111                                      
 0973     13      4    1   00111111 1111                                      
 0974     14      F    1   11111111 1111                                      
 0975     15      F    1   00111111 1111                                      
 0976     03      F    0   00111110 1111                                      
 0977     04      F    0   00111110 1111                                      
 0978     05      F    0   00111110 1111                                      
 0979     06      F    0   00111110 1111                                      
 0980     07      F    0   00111110 1111                                      
 0981     08      F    0   00111110 1111                                      
 0982     09      F    0   00111110 1111                                      
 0983     0A      F    0   00111110 1111                                      
 0984     0B      F    0   00111110 1111                                      
 0985     0C      F    0   00111110 1111                                      
 0986     03      0    0   11111110 1111                                      
 0987     04      0    0   11111110 1111                                      
 0988     05      0    0   11111110 1111                                      
 0989     06      0    0   11111110 1111                                      
 0990     07      0    0   11111110 1111                                      
 0991     08      0    0   11111110 1111                                      
 0992     09      0    0   11111110 1111                                      
 0993     0A      0    0   11111110 1111                                      
 0994     0B      0    0   11111110 1111                                      
 0995     0C      0    0   11111110 1111                                      
 0996     03      F    0   00111110 1111                                      
 0997     04      F    0   00111110 1111                                      
 0998     05      F    0   00111110 1111                                      
 0999     06      F    0   00111110 1111                                      
 1000     07      F    0   00111110 1111                                      
 1001     08      F    0   00111110 1111                                      
 1002     09      F    0   00111110 1111                                      
 1003     0A      F    0   00111110 1111                                      
 1004     0B      F    0   00111110 1111                                      
 1005     0C      F    0   00111110 1111                                      
 1006     03      0    0   11111110 1111                                      
 1007     04      0    0   11111110 1111                                      
 1008     05      0    0   11111110 1111                                      
 1009     06      0    0   11111110 1111                                      
 1010     07      0    0   11111110 1111                                      
 1011     08      0    0   11111110 1111                                      
 1012     09      0    0   11111110 1111                                      
 1013     0A      0    0   11111110 1111                                      
 1014     0B      0    0   11111110 1111                                      
 1015     0C      0    0   11111110 1111                                      
 1016     03      F    0   00111110 1111                                      
 1017     04      F    0   11111110 1111                                      
 1018     05      F    0   11111110 1111                                      
 1019     06      F    0   11111110 1111                                      
 1020     07      F    0   11111110 1111                                      
 1021     08      F    0   11111110 1111                                      
 1022     09      F    0   11111110 1111                                      
 1023     0A      2    0   11111110 1111                                      
 1024     0A      2    0   11111110 1111                                      
 1025     0B      F    0   11111110 1111                                      
 1026     0C      F    0   11111110 1111                                      
 1027     03      0    0   11111110 1111                                      
 1028     04      0    0   11111110 1111                                      
 1029     05      0    0   11111110 1111                                      
 1030     06      0    0   11111110 1111                                      
 1031     07      0    0   11111110 1111                                      
 1032     08      0    0   11111110 1111                                      
 1033     09      0    0   11111110 1111                                      
 1034     0A      3    0   11111110 1111                                      
 1035     0B      0    0   11111110 1111                                      
 1036     0C      0    0   11111110 1111                                      
 1037     03      F    0   11111110 1111                                      
 1038     04      F    0   11111110 1111                                      
 1039     05      F    0   11111110 1111                                      
 1040     06      F    0   11111110 1111                                      
 1041     07      F    0   11111110 1111                                      
 1042     08      F    0   11111110 1111                                      
 1043     09      0    0   11111110 1111                                      
 1044     0A      2    0   11111110 1111                                      
 1045     0B      F    0   11111110 1111                                      
 1046     0C      F    0   11111110 1111                                      
 1047     03      0    0   11111110 1111                                      
 1048     04      0    0   11111110 1111                                      
 1049     05      0    0   11111110 1111                                      
 1050     06      0    0   11111110 1111                                      
 1051     07      0    0   11111110 1111                                      
 1052     08      0    0   11111110 1111                                      
 1053     09      3    0   11111110 1111                                      
 1054     0A      3    0   11111110 1111                                      
 1055     0B      0    0   00111110 1111                                      
 1056     0C      0    0   00111110 1111                                      
 1057     03      F    0   11111110 1111                                      
 1058     04      F    0   11111110 1111                                      
 1059     05      F    0   11111110 1111                                      
 1060     06      F    0   11111110 1111                                      
 1061     07      F    0   11111110 1111                                      
 1062     08      F    0   11111110 1111                                      
 1063     09      0    0   11111110 1111                                      
 1064     0A      2    0   11111110 1111                                      
 1065     0B      F    0   11111110 1111                                      
 1066     0C      F    0   11111110 1111                                      
 1067     03      0    0   00111110 1111                                      
 1068     04      0    0   00111110 1111                                      
 1069     05      0    0   00111110 1111                                      
 1070     06      0    0   00111110 1111                                      
 1071     07      0    0   00111110 1111                                      
 1072     08      0    0   00111110 1111                                      
 1073     09      3    0   00111110 1111                                      
 1074     0A      3    0   00111110 1111                                      
 1075     0B      0    0   00111110 1111                                      
 1076     0C      0    0   00111110 1111                                      
 1077     03      F    0   11111110 1111                                      
 1078     04      F    0   11111110 1111                                      
 1079     05      F    0   11111110 1111                                      
 1080     06      F    0   11111110 1111                                      
 1081     07      9    0   11111110 1111                                      
 1082     08      F    0   11111110 1111                                      
 1083     09      0    0   11111110 1111                                      
 1084     0A      2    0   11111110 1111                                      
 1085     0B      F    0   11111110 1111                                      
 1086     0C      F    0   00111110 1111                                      
 1087     03      0    0   00111110 1111                                      
 1088     04      0    0   00111110 1111                                      
 1089     05      0    0   00111110 1111                                      
 1090     06      0    0   00111110 1111                                      
 1091     07      5    0   00111110 1111                                      
 1092     08      0    0   00111110 1111                                      
 1093     09      3    0   00111110 1111                                      
 1094     0A      3    0   00111110 1111                                      
 1095     0B      0    0   00111110 1111                                      
 1096     0C      0    0   00111110 1111                                      
 1097     03      F    0   00111110 1111                                      
 1098     04      F    0   00111110 1111                                      
 1099     05      F    0   00111110 1111                                      
 1100     06      C    0   00111110 1111                                      
 1101     07      9    0   00111110 1111                                      
 1102     08      F    0   00111110 1111                                      
 1103     09      0    0   00111110 1111                                      
 1104     0A      2    0   00111110 1111                                      
 1105     0B      F    0   00111110 1111                                      
 1106     0C      F    0   00111110 1111                                      
 1107     03      0    0   00111110 1111                                      
 1108     04      0    0   00111110 1111                                      
 1109     05      0    0   00111110 1111                                      
 1110     06      1    0   00111110 1111                                      
 1111     07      5    0   00111110 1111                                      
 1112     08      0    0   00111110 1111                                      
 1113     09      3    0   00111110 1111                                      
 1114     0A      3    0   00111110 1111                                      
 1115     0B      0    0   00111110 1111                                      
 1116     0C      0    0   00111110 1111                                      
 1117     03      F    0   00111110 1111                                      
 1118     04      F    0   00111110 1111                                      
 1119     05      0    0   00111110 1111                                      
 1120     05      0    0   00111110 1111                                      
 1121     06      C    0   00111110 1111                                      
 1122     07      9    0   00111110 1111                                      
 1123     08      F    0   00111110 1111                                      
 1124     09      0    0   00111110 1111                                      
 1125     09      0    0   00111110 1111                                      
 1126     0A      2    0   00111110 1111                                      
 1127     0B      F    0   00111110 1111                                      
 1128     0C      F    0   00111110 1111                                      
 1129     03      0    0   00111110 1111                                      
 1130     04      0    0   00111110 1111                                      
 1131     05      4    0   00111110 1111                                      
 1132     06      1    0   00111110 1111                                      
 1133     07      5    0   00111110 1111                                      
 1134     08      0    0   00111110 1111                                      
 1135     09      3    0   00111110 1111                                      
 1136     0A      3    0   11111110 1111                                      
 1137     0B      0    0   11111110 1111                                      
 1138     0C      0    0   11111110 1111                                      
 1139     03      F    0   00111110 1111                                      
 1140     04      0    0   00111110 1111                                      
 1141     04      0    0   00111110 1111                                      
 1142     05      0    0   00111110 1111                                      
 1143     06      C    0   00111110 1111                                      
 1144     07      9    0   00111110 1111                                      
 1145     08      F    0   00111110 1111                                      
 1146     09      0    0   00111110 1111                                      
 1147     0A      2    0   00111110 1111                                      
 1148     0B      F    0   00111110 1111                                      
 1149     0C      F    0   00111110 1111                                      
 1150     03      0    0   11111110 1111                                      
 1151     04      2    0   11111110 1111                                      
 1152     05      4    0   11111110 1111                                      
 1153     06      1    0   11111110 1111                                      
 1154     07      5    0   11111110 1111                                      
 1155     08      0    0   11111110 1111                                      
 1156     09      3    0   11111110 1111                                      
 1157     0A      3    0   11111110 1111                                      
 1158     0B      0    0   11111110 1111                                      
 1159     0C      0    0   11111110 1111                                      
 1160     03      1    0   00111110 1111                                      
 1161     04      0    0   00111110 1111                                      
 1162     05      0    0   00111110 1111                                      
 1163     06      C    0   00111110 1111                                      
 1164     07      9    0   00111110 1111                                      
 1165     08      F    0   00111110 1111                                      
 1166     09      0    0   00111110 1111                                      
 1167     09      0    0   00111110 1111                                      
 1168     0A      2    0   00111110 1111                                      
 1169     0B      F    0   11111110 1111                                      
 1170     0C      F    0   11111110 1111                                      
 1171     03      4    0   11111110 1111                                      
 1172     04      2    0   11111110 1111                                      
 1173     05      4    0   11111110 1111                                      
 1174     06      1    0   11111110 1111                                      
 1175     07      5    0   11111110 1111                                      
 1176     08      0    0   11111110 1111                                      
 1177     09      3    0   11111110 1111                                      
 1178     0A      3    0   11111110 1111                                      
 1179     0B      0    0   11111110 1111                                      
 1180     0C      0    0   11111110 1111                                      
 1181     0D      0    1   11111101 1111                                      
 1182     00      2    0   11111110 1111                                      
 1183     01      7    0   11111110 1111                                      
 1184     02      6    0   11111110 1111                                      
 1185     03      1    0   11111110 1111                                      
 1186     01      0    1   00111101 1111                                      
 1187     01      6    1   00111101 1111                                      
 1188     02      1    1   00111101 1111                                      
 1189     03      1    1   00111101 1111                                      
 1190     04      0    1   00111101 1111                                      
 1191     05      0    1   00111101 1111                                      
 1192     06      C    1   00111101 1111                                      
 1193     07      9    1   00111101 1111                                      
 1194     08      F    1   00111101 1111                                      
 1195     09      0    1   00111101 1111                                      
 1196     0A      2    1   00111101 1111                                      
 1197     0B      F    1   00111101 1111                                      
 1198     0C      F    1   00111101 1111                                      
 1199     01      0    1   11111101 1111                                      
 1200     02      0    1   11111101 1111                                      
 1201     03      4    1   11111101 1111                                      
 1202     04      A    1   11111101 1111                                      
 1203     05      4    1   11111101 1111                                      
 1204     06      1    1   11111101 1111                                      
 1205     07      5    1   11111101 1111                                      
 1206     08      0    1   11111101 1111                                      
 1207     08      0    1   11111101 1111                                      
 1208     09      3    1   11111101 1111                                      
 1209     0A      3    1   11111101 1111                                      
 1210     0B      0    1   11111101 1111                                      
 1211     0C      0    1   11111101 1111                                      
 1212     01      2    0   00111110 1111                                      
 1213     02      7    0   00111110 1111                                      
 1214     03      F    0   00111110 1111                                      
 1215     04      F    0   00111110 1111                                      
 1216     05      F    0   00111110 1111                                      
 1217     06      F    0   00111110 1111                                      
 1218     07      F    0   00111110 1111                                      
 1219     08      F    0   00111110 1111                                      
 1220     09      F    0   00111110 1111                                      
 1221     0A      F    0   00111110 1111                                      
 1222     0B      F    0   00111110 1111                                      
 1223     0C      F    0   00111110 1111                                      
 1224     01      0    0   11111110 1111                                      
 1225     02      0    0   11111110 1111                                      
 1226     03      0    0   11111110 1111                                      
 1227     04      0    0   11111110 1111                                      
 1228     05      0    0   11111110 1111                                      
 1229     06      0    0   11111110 1111                                      
 1230     07      0    0   11111110 1111                                      
 1231     08      0    0   11111110 1111                                      
 1232     09      0    0   11111110 1111                                      
 1233     0A      8    0   11111110 1111                                      
 1234     0B      0    0   11111110 1111                                      
 1235     7F      F    0   00000000 0000                                      
