a,b = C, D
a,b = E, F
                                    ra=-
0001 00 - 1 0 1                                  0
                                    ra=F
0003 03 F 1 0 1                                     F
0005 04 F 1 0 1                                      0
0007 05 F 1 0 1                                       9
0009 0A F 1 1 0            4
0011 0B F 1 1 0             2
0013 0C F 1 1 0              7
0015 01 F 1 0 1                                   7
0017 02 F 1 0 1                                    0
                                    ra=E
0019 03 E 1 0 1                                     E
0021 00 E 0 1 1                                  0
0023 01 E 0 1 1                                   F
0025 02 E 0 1 1                                    7
0027 03 E 0 1 1                                     4
0029 04 E 0 1 1                                      0
0031 05 E 0 1 1                                       4
0033 06 E 0 1 1                                        F
0035 07 E 0 1 1                                         4
0037 08 E 0 1 1                                          8
0039 09 E 0 1 1                                           4
0041 0A E 0 1 1                                            1
0043 0B E 0 1 1                                             4
0045 0C E 0 1 1                                              9
0047 0D E 0 1 1                                               F
0049 0E E 0 1 1                                                A
0051 0F E 0 1 1                                                 F
0053 00 E 0 1 1                                  7
0055 09 E 1 0 1                                           0
                                    ra=-
0057 0A - 1 0 1                                            0
                                                 an=0
0059 0B - 1 0 1                                             0
0061 01 - 1 1 0   B
0063 02 - 1 1 0    B
0065 03 - 1 1 0     F
0067 04 - 1 1 0      F
0069 05 - 1 1 0       0
0071 06 - 1 1 0        F
0073 07 - 1 1 0         F
0075 08 - 1 1 0          8
0077 09 - 1 1 0           3
0079 0A - 1 1 0            0
0081 0B - 1 1 0             4
0083 0C - 1 1 0              1
0085 09 - 1 0 1                                           0
                                    ra=-
0087 0A - 1 0 1                                            0
                                                 an=4
0089 0B - 1 0 1                                             4
                                    ANN(01)=0
0091 01 - 1 1 0   0
                                    ANN(02)=0
0093 02 - 1 1 0    0
                                    ANN(03)=0
0095 03 - 1 1 0     0
                                    ANN(04)=0
0097 04 - 1 1 0      0
                                    ANN(05)=3
0099 05 - 1 1 0       3
                                    ANN(06)=C
0101 06 - 1 1 0        C
                                    ANN(07)=0
0103 07 - 1 1 0         0
                                    ANN(08)=5
0105 08 - 1 1 0          5
                                    ANN(09)=4
0107 09 - 1 1 0           4
                                    ANN(0A)=4
0109 0A - 1 1 0            4
                                    ANN(0B)=4
0111 0B - 1 1 0             4
                                    ANN(0C)=5
0113 0C - 1 1 0              5
0115 09 - 1 0 1                                           0
                                    ra=-
0117 0A - 1 0 1                                            0
                                                 an=0
0119 0B - 1 0 1                                             0
0121 01 - 1 1 0   B
0123 02 - 1 1 0    B
0125 03 - 1 1 0     F
0127 04 - 1 1 0      F
0129 05 - 1 1 0       0
0131 06 - 1 1 0        F
0133 07 - 1 1 0         F
0135 08 - 1 1 0          8
0137 09 - 1 1 0           3
0139 0A - 1 1 0            0
0141 0B - 1 1 0             4
0143 0C - 1 1 0              1
0145 09 - 1 0 1                                           0
                                    ra=-
0147 0A - 1 0 1                                            0
                                                 an=4
0149 0B - 1 0 1                                             4
                                    ANN(01)=0
0151 01 - 1 1 0   0
                                    ANN(02)=0
0153 02 - 1 1 0    0
                                    ANN(03)=0
0155 03 - 1 1 0     0
                                    ANN(04)=0
0157 04 - 1 1 0      0
                                    ANN(05)=3
0159 05 - 1 1 0       3
                                    ANN(06)=C
0161 06 - 1 1 0        C
                                    ANN(07)=0
0163 07 - 1 1 0         0
                                    ANN(08)=5
0165 08 - 1 1 0          5
                                    ANN(09)=4
0167 09 - 1 1 0           4
                                    ANN(0A)=4
0169 0A - 1 1 0            4
                                    ANN(0B)=4
0171 0B - 1 1 0             4
                                    ANN(0C)=D
0173 0C - 1 1 0              D
                                    ra=-
0175 00 - 1 0 1                                  0
                                    ra=F
0177 03 F 1 0 1                                     F
0179 04 F 1 0 1                                      0
0181 05 F 1 0 1                                       9
0183 0A F 1 1 0            0
0185 0B F 1 1 0             2
0187 0C F 1 1 0              1
0189 01 F 1 0 1                                   F
0191 02 F 1 0 1                                    0
                                    ra=E
0193 03 E 1 0 1                                     E
0195 00 E 0 1 1                                  0
0197 01 E 0 1 1                                   F
0199 02 E 0 1 1                                    0
0201 03 E 0 1 1                                     8
0203 04 E 0 1 1                                      C
0205 05 E 0 1 1                                       7
0207 06 E 0 1 1                                        B
0209 07 E 0 1 1                                         6
0211 08 E 0 1 1                                          D
0213 09 E 0 1 1                                           8
0215 0A E 0 1 1                                            D
0217 0B E 0 1 1                                             7
0219 0C E 0 1 1                                              9
0221 0D E 0 1 1                                               F
0223 0E E 0 1 1                                                A
0225 0F E 0 1 1                                                 F
0227 00 E 0 1 1                                  7
0229 09 E 1 0 1                                           0
                                    ra=-
0231 0A - 1 0 1                                            0
                                                 an=0
0233 0B - 1 0 1                                             0
0235 01 - 1 1 0   B
0237 02 - 1 1 0    B
0239 03 - 1 1 0     F
0241 04 - 1 1 0      F
0243 05 - 1 1 0       0
0245 06 - 1 1 0        F
0247 07 - 1 1 0         F
0249 08 - 1 1 0          8
0251 09 - 1 1 0           3
0253 0A - 1 1 0            0
0255 0B - 1 1 0             4
0257 0C - 1 1 0              1
0259 09 - 1 0 1                                           0
                                    ra=-
0261 0A - 1 0 1                                            0
                                                 an=4
0263 0B - 1 0 1                                             4
                                    ANN(01)=0
0265 01 - 1 1 0   0
                                    ANN(02)=0
0267 02 - 1 1 0    0
                                    ANN(03)=0
0269 03 - 1 1 0     0
                                    ANN(04)=0
0271 04 - 1 1 0      0
                                    ANN(05)=3
0273 05 - 1 1 0       3
                                    ANN(06)=C
0275 06 - 1 1 0        C
                                    ANN(07)=0
0277 07 - 1 1 0         0
                                    ANN(08)=5
0279 08 - 1 1 0          5
                                    ANN(09)=4
0281 09 - 1 1 0           4
                                    ANN(0A)=4
0283 0A - 1 1 0            4
                                    ANN(0B)=4
0285 0B - 1 1 0             4
                                    ANN(0C)=D
0287 0C - 1 1 0              D
0289 09 - 1 0 1                                           0
                                    ra=-
0291 0A - 1 0 1                                            0
                                                 an=0
0293 0B - 1 0 1                                             0
0295 01 - 1 1 0   B
0297 02 - 1 1 0    B
0299 03 - 1 1 0     F
0301 04 - 1 1 0      F
0303 05 - 1 1 0       0
0305 06 - 1 1 0        F
0307 07 - 1 1 0         F
0309 08 - 1 1 0          8
0311 09 - 1 1 0           3
0313 0A - 1 1 0            0
0315 0B - 1 1 0             4
0317 0C - 1 1 0              1
0319 09 - 1 0 1                                           0
                                    ra=-
0321 0A - 1 0 1                                            0
                                                 an=4
0323 0B - 1 0 1                                             4
                                    ANN(01)=0
0325 01 - 1 1 0   0
                                    ANN(02)=0
0327 02 - 1 1 0    0
                                    ANN(03)=0
0329 03 - 1 1 0     0
                                    ANN(04)=0
0331 04 - 1 1 0      0
                                    ANN(05)=3
0333 05 - 1 1 0       3
                                    ANN(06)=C
0335 06 - 1 1 0        C
                                    ANN(07)=0
0337 07 - 1 1 0         0
                                    ANN(08)=5
0339 08 - 1 1 0          5
                                    ANN(09)=4
0341 09 - 1 1 0           4
                                    ANN(0A)=4
0343 0A - 1 1 0            4
                                    ANN(0B)=4
0345 0B - 1 1 0             4
                                    ANN(0C)=5
0347 0C - 1 1 0              5
                                    ra=-
0349 00 - 1 0 1                                  0
                                    ra=F
0351 03 F 1 0 1                                     F
0353 04 F 1 0 1                                      0
0355 05 F 1 0 1                                       9
0357 0A F 1 1 0            2
0359 0B F 1 1 0             1
0361 0C F 1 1 0              1
0363 01 F 1 0 1                                   7
0365 02 F 1 0 1                                    0
                                    ra=E
0367 03 E 1 0 1                                     E
0369 00 E 0 1 1                                  0
0371 01 E 0 1 1                                   F
0373 02 E 0 1 1                                    7
0375 03 E 0 1 1                                     4
0377 04 E 0 1 1                                      0
0379 05 E 0 1 1                                       4
0381 06 E 0 1 1                                        F
0383 07 E 0 1 1                                         4
0385 08 E 0 1 1                                          8
0387 09 E 0 1 1                                           4
0389 0A E 0 1 1                                            1
0391 0B E 0 1 1                                             4
0393 0C E 0 1 1                                              9
0395 0D E 0 1 1                                               F
0397 0E E 0 1 1                                                A
0399 0F E 0 1 1                                                 F
0401 00 E 0 1 1                                  7
0403 09 E 1 0 1                                           0
                                    ra=-
0405 0A - 1 0 1                                            0
                                                 an=0
0407 0B - 1 0 1                                             0
0409 01 - 1 1 0   B
0411 02 - 1 1 0    B
0413 03 - 1 1 0     F
0415 04 - 1 1 0      F
0417 05 - 1 1 0       0
0419 06 - 1 1 0        F
0421 07 - 1 1 0         F
0423 08 - 1 1 0          8
0425 09 - 1 1 0           3
0427 0A - 1 1 0            0
0429 0B - 1 1 0             4
0431 0C - 1 1 0              1
0433 09 - 1 0 1                                           0
                                    ra=-
0435 0A - 1 0 1                                            0
                                                 an=4
0437 0B - 1 0 1                                             4
                                    ANN(01)=0
0439 01 - 1 1 0   0
                                    ANN(02)=0
0441 02 - 1 1 0    0
                                    ANN(03)=0
0443 03 - 1 1 0     0
                                    ANN(04)=0
0445 04 - 1 1 0      0
                                    ANN(05)=3
0447 05 - 1 1 0       3
                                    ANN(06)=C
0449 06 - 1 1 0        C
                                    ANN(07)=0
0451 07 - 1 1 0         0
                                    ANN(08)=5
0453 08 - 1 1 0          5
                                    ANN(09)=4
0455 09 - 1 1 0           4
                                    ANN(0A)=4
0457 0A - 1 1 0            4
                                    ANN(0B)=4
0459 0B - 1 1 0             4
                                    ANN(0C)=5
0461 0C - 1 1 0              5
0463 09 - 1 0 1                                           0
                                    ra=-
0465 0A - 1 0 1                                            0
                                                 an=0
0467 0B - 1 0 1                                             0
0469 01 - 1 1 0   B
0471 02 - 1 1 0    B
0473 03 - 1 1 0     F
0475 04 - 1 1 0      F
0477 05 - 1 1 0       0
0479 06 - 1 1 0        F
0481 07 - 1 1 0         F
0483 08 - 1 1 0          8
0485 09 - 1 1 0           3
0487 0A - 1 1 0            0
0489 0B - 1 1 0             4
0491 0C - 1 1 0              1
0493 09 - 1 0 1                                           0
                                    ra=-
0495 0A - 1 0 1                                            0
                                                 an=4
0497 0B - 1 0 1                                             4
                                    ANN(01)=0
0499 01 - 1 1 0   0
                                    ANN(02)=0
0501 02 - 1 1 0    0
                                    ANN(03)=0
0503 03 - 1 1 0     0
                                    ANN(04)=0
0505 04 - 1 1 0      0
                                    ANN(05)=3
0507 05 - 1 1 0       3
                                    ANN(06)=C
0509 06 - 1 1 0        C
                                    ANN(07)=0
0511 07 - 1 1 0         0
                                    ANN(08)=5
0513 08 - 1 1 0          5
                                    ANN(09)=4
0515 09 - 1 1 0           4
                                    ANN(0A)=4
0517 0A - 1 1 0            4
                                    ANN(0B)=C
0519 0B - 1 1 0             C
                                    ANN(0C)=5
0521 0C - 1 1 0              5
                                    ra=-
0523 00 - 1 0 1                                  0
                                    ra=F
0525 03 F 1 0 1                                     F
0527 04 F 1 0 1                                      0
0529 05 F 1 0 1                                       9
0531 0A F 1 1 0            4
0533 0B F 1 1 0             7
0535 0C F 1 1 0              0
0537 01 F 1 0 1                                   7
0539 02 F 1 0 1                                    0
                                    ra=F
0541 03 F 1 0 1                                     F
0543 00 F 0 1 1                                  0
0545 01 F 0 1 1                                   F
0547 02 F 0 1 1                                    2
0549 03 F 0 1 1                                     A
0551 04 F 0 1 1                                      B
0553 05 F 0 1 1                                       9
0555 06 F 0 1 1                                        8
0557 07 F 0 1 1                                         A
0559 08 F 0 1 1                                          3
0561 09 F 0 1 1                                           A
0563 0A F 0 1 1                                            9
0565 0B F 0 1 1                                             8
0567 0C F 0 1 1                                              9
0569 0D F 0 1 1                                               F
0571 0E F 0 1 1                                                A
0573 0F F 0 1 1                                                 F
0575 00 F 0 1 1                                  7
0577 09 F 1 0 1                                           0
                                    ra=-
0579 0A - 1 0 1                                            0
                                                 an=0
0581 0B - 1 0 1                                             0
0583 01 - 1 1 0   B
0585 02 - 1 1 0    B
0587 03 - 1 1 0     F
0589 04 - 1 1 0      F
0591 05 - 1 1 0       0
0593 06 - 1 1 0        F
0595 07 - 1 1 0         F
0597 08 - 1 1 0          8
0599 09 - 1 1 0           3
0601 0A - 1 1 0            0
0603 0B - 1 1 0             4
0605 0C - 1 1 0              1
0607 09 - 1 0 1                                           0
                                    ra=-
0609 0A - 1 0 1                                            0
                                                 an=4
0611 0B - 1 0 1                                             4
                                    ANN(01)=0
0613 01 - 1 1 0   0
                                    ANN(02)=0
0615 02 - 1 1 0    0
                                    ANN(03)=0
0617 03 - 1 1 0     0
                                    ANN(04)=0
0619 04 - 1 1 0      0
                                    ANN(05)=3
0621 05 - 1 1 0       3
                                    ANN(06)=C
0623 06 - 1 1 0        C
                                    ANN(07)=0
0625 07 - 1 1 0         0
                                    ANN(08)=5
0627 08 - 1 1 0          5
                                    ANN(09)=4
0629 09 - 1 1 0           4
                                    ANN(0A)=4
0631 0A - 1 1 0            4
                                    ANN(0B)=C
0633 0B - 1 1 0             C
                                    ANN(0C)=5
0635 0C - 1 1 0              5
0637 09 - 1 0 1                                           0
                                    ra=-
0639 0A - 1 0 1                                            0
                                                 an=0
0641 0B - 1 0 1                                             0
0643 01 - 1 1 0   B
0645 02 - 1 1 0    B
0647 03 - 1 1 0     F
0649 04 - 1 1 0      F
0651 05 - 1 1 0       0
0653 06 - 1 1 0        F
0655 07 - 1 1 0         F
0657 08 - 1 1 0          8
0659 09 - 1 1 0           3
0661 0A - 1 1 0            0
0663 0B - 1 1 0             4
0665 0C - 1 1 0              1
0667 09 - 1 0 1                                           0
                                    ra=-
0669 0A - 1 0 1                                            0
                                                 an=4
0671 0B - 1 0 1                                             4
                                    ANN(01)=0
0673 01 - 1 1 0   0
                                    ANN(02)=0
0675 02 - 1 1 0    0
                                    ANN(03)=0
0677 03 - 1 1 0     0
                                    ANN(04)=0
0679 04 - 1 1 0      0
                                    ANN(05)=3
0681 05 - 1 1 0       3
                                    ANN(06)=C
0683 06 - 1 1 0        C
                                    ANN(07)=0
0685 07 - 1 1 0         0
                                    ANN(08)=5
0687 08 - 1 1 0          5
                                    ANN(09)=4
0689 09 - 1 1 0           4
                                    ANN(0A)=4
0691 0A - 1 1 0            4
                                    ANN(0B)=4
0693 0B - 1 1 0             4
                                    ANN(0C)=5
0695 0C - 1 1 0              5
                                    ra=-
0697 00 - 1 0 1                                  0
                                    ra=F
0699 03 F 1 0 1                                     F
0701 04 F 1 0 1                                      0
0703 05 F 1 0 1                                       9
0705 0A F 1 1 0            9
0707 0B F 1 1 0             9
0709 0C F 1 1 0              0
0711 01 F 1 0 1                                   7
0713 02 F 1 0 1                                    0
                                    ra=E
0715 03 E 1 0 1                                     E
0717 00 E 0 1 1                                  0
0719 01 E 0 1 1                                   F
0721 02 E 0 1 1                                    7
0723 03 E 0 1 1                                     4
0725 04 E 0 1 1                                      0
0727 05 E 0 1 1                                       4
0729 06 E 0 1 1                                        F
0731 07 E 0 1 1                                         4
0733 08 E 0 1 1                                          8
0735 09 E 0 1 1                                           4
0737 0A E 0 1 1                                            1
0739 0B E 0 1 1                                             4
0741 0C E 0 1 1                                              9
0743 0D E 0 1 1                                               F
0745 0E E 0 1 1                                                A
0747 0F E 0 1 1                                                 F
0749 00 E 0 1 1                                  7
0751 09 E 1 0 1                                           0
                                    ra=-
0753 0A - 1 0 1                                            0
                                                 an=0
0755 0B - 1 0 1                                             0
0757 01 - 1 1 0   B
0759 02 - 1 1 0    B
0761 03 - 1 1 0     F
0763 04 - 1 1 0      F
0765 05 - 1 1 0       0
0767 06 - 1 1 0        F
0769 07 - 1 1 0         F
0771 08 - 1 1 0          8
0773 09 - 1 1 0           3
0775 0A - 1 1 0            0
0777 0B - 1 1 0             4
0779 0C - 1 1 0              1
0781 09 - 1 0 1                                           0
                                    ra=-
0783 0A - 1 0 1                                            0
                                                 an=4
0785 0B - 1 0 1                                             4
                                    ANN(01)=0
0787 01 - 1 1 0   0
                                    ANN(02)=0
0789 02 - 1 1 0    0
                                    ANN(03)=0
0791 03 - 1 1 0     0
                                    ANN(04)=0
0793 04 - 1 1 0      0
                                    ANN(05)=3
0795 05 - 1 1 0       3
                                    ANN(06)=C
0797 06 - 1 1 0        C
                                    ANN(07)=0
0799 07 - 1 1 0         0
                                    ANN(08)=5
0801 08 - 1 1 0          5
                                    ANN(09)=4
0803 09 - 1 1 0           4
                                    ANN(0A)=4
0805 0A - 1 1 0            4
                                    ANN(0B)=4
0807 0B - 1 1 0             4
                                    ANN(0C)=5
0809 0C - 1 1 0              5
0811 09 - 1 0 1                                           0
                                    ra=-
0813 0A - 1 0 1                                            0
                                                 an=0
0815 0B - 1 0 1                                             0
0817 01 - 1 1 0   B
0819 02 - 1 1 0    B
0821 03 - 1 1 0     F
0823 04 - 1 1 0      F
0825 05 - 1 1 0       0
0827 06 - 1 1 0        F
0829 07 - 1 1 0         F
0831 08 - 1 1 0          8
0833 09 - 1 1 0           3
0835 0A - 1 1 0            0
0837 0B - 1 1 0             4
0839 0C - 1 1 0              1
0841 09 - 1 0 1                                           0
                                    ra=-
0843 0A - 1 0 1                                            0
                                                 an=4
0845 0B - 1 0 1                                             4
                                    ANN(01)=0
0847 01 - 1 1 0   0
                                    ANN(02)=0
0849 02 - 1 1 0    0
                                    ANN(03)=0
0851 03 - 1 1 0     0
                                    ANN(04)=0
0853 04 - 1 1 0      0
                                    ANN(05)=3
0855 05 - 1 1 0       3
                                    ANN(06)=C
0857 06 - 1 1 0        C
                                    ANN(07)=0
0859 07 - 1 1 0         0
                                    ANN(08)=5
0861 08 - 1 1 0          5
                                    ANN(09)=4
0863 09 - 1 1 0           4
                                    ANN(0A)=4
0865 0A - 1 1 0            4
                                    ANN(0B)=4
0867 0B - 1 1 0             4
                                    ANN(0C)=D
0869 0C - 1 1 0              D
                                    ra=-
0871 00 - 1 0 1                                  0
                                    ra=F
0873 03 F 1 0 1                                     F
0875 04 F 1 0 1                                      0
0877 05 F 1 0 1                                       9
0879 0A F 1 1 0            0
0881 0B F 1 1 0             5
0883 0C F 1 1 0              0
0885 01 F 1 0 1                                   F
0887 02 F 1 0 1                                    0
                                    ra=E
0889 03 E 1 0 1                                     E
0891 00 E 0 1 1                                  0
0893 01 E 0 1 1                                   F
0895 02 E 0 1 1                                    0
0897 03 E 0 1 1                                     8
0899 04 E 0 1 1                                      C
0901 05 E 0 1 1                                       7
0903 06 E 0 1 1                                        B
0905 07 E 0 1 1                                         6
0907 08 E 0 1 1                                          D
0909 09 E 0 1 1                                           8
0911 0A E 0 1 1                                            D
0913 0B E 0 1 1                                             7
0915 0C E 0 1 1                                              9
0917 0D E 0 1 1                                               F
0919 0E E 0 1 1                                                A
0921 0F E 0 1 1                                                 F
0923 00 E 0 1 1                                  7
0925 09 E 1 0 1                                           0
                                    ra=-
0927 0A - 1 0 1                                            0
                                                 an=0
0929 0B - 1 0 1                                             0
0931 01 - 1 1 0   B
0933 02 - 1 1 0    B
0935 03 - 1 1 0     F
0937 04 - 1 1 0      F
0939 05 - 1 1 0       0
0941 06 - 1 1 0        F
0943 07 - 1 1 0         F
0945 08 - 1 1 0          8
0947 09 - 1 1 0           3
0949 0A - 1 1 0            0
0951 0B - 1 1 0             4
0953 0C - 1 1 0              1
0955 09 - 1 0 1                                           0
                                    ra=-
0957 0A - 1 0 1                                            0
                                                 an=4
0959 0B - 1 0 1                                             4
                                    ANN(01)=0
0961 01 - 1 1 0   0
                                    ANN(02)=0
0963 02 - 1 1 0    0
                                    ANN(03)=0
0965 03 - 1 1 0     0
                                    ANN(04)=0
0967 04 - 1 1 0      0
                                    ANN(05)=3
0969 05 - 1 1 0       3
                                    ANN(06)=C
0971 06 - 1 1 0        C
                                    ANN(07)=0
0973 07 - 1 1 0         0
                                    ANN(08)=5
0975 08 - 1 1 0          5
                                    ANN(09)=4
0977 09 - 1 1 0           4
                                    ANN(0A)=4
0979 0A - 1 1 0            4
                                    ANN(0B)=4
0981 0B - 1 1 0             4
                                    ANN(0C)=D
0983 0C - 1 1 0              D
0985 09 - 1 0 1                                           0
                                    ra=-
0987 0A - 1 0 1                                            0
                                                 an=0
0989 0B - 1 0 1                                             0
0991 01 - 1 1 0   B
0993 02 - 1 1 0    B
0995 03 - 1 1 0     F
0997 04 - 1 1 0      F
0999 05 - 1 1 0       0
1001 06 - 1 1 0        F
1003 07 - 1 1 0         F
1005 08 - 1 1 0          8
1007 09 - 1 1 0           3
1009 0A - 1 1 0            0
1011 0B - 1 1 0             4
1013 0C - 1 1 0              1
1015 09 - 1 0 1                                           0
                                    ra=-
1017 0A - 1 0 1                                            0
                                                 an=4
1019 0B - 1 0 1                                             4
                                    ANN(01)=0
1021 01 - 1 1 0   0
                                    ANN(02)=0
1023 02 - 1 1 0    0
                                    ANN(03)=0
1025 03 - 1 1 0     0
                                    ANN(04)=0
1027 04 - 1 1 0      0
                                    ANN(05)=3
1029 05 - 1 1 0       3
                                    ANN(06)=C
1031 06 - 1 1 0        C
                                    ANN(07)=0
1033 07 - 1 1 0         0
                                    ANN(08)=5
1035 08 - 1 1 0          5
                                    ANN(09)=4
1037 09 - 1 1 0           4
                                    ANN(0A)=4
1039 0A - 1 1 0            4
                                    ANN(0B)=4
1041 0B - 1 1 0             4
                                    ANN(0C)=5
1043 0C - 1 1 0              5
                                    ra=-
1045 00 - 1 0 1                                  0
                                    ra=F
1047 03 F 1 0 1                                     F
1049 04 F 1 0 1                                      0
1051 05 F 1 0 1                                       9
1053 0A F 1 1 0            2
1055 0B F 1 1 0             6
1057 0C F 1 1 0              0
1059 01 F 1 0 1                                   7
1061 02 F 1 0 1                                    0
                                    ra=E
1063 03 E 1 0 1                                     E
1065 00 E 0 1 1                                  0
1067 01 E 0 1 1                                   F
1069 02 E 0 1 1                                    7
1071 03 E 0 1 1                                     4
1073 04 E 0 1 1                                      0
1075 05 E 0 1 1                                       4
1077 06 E 0 1 1                                        F
1079 07 E 0 1 1                                         4
1081 08 E 0 1 1                                          8
1083 09 E 0 1 1                                           4
1085 0A E 0 1 1                                            1
1087 0B E 0 1 1                                             4
1089 0C E 0 1 1                                              9
1091 0D E 0 1 1                                               F
1093 0E E 0 1 1                                                A
1095 0F E 0 1 1                                                 F
1097 00 E 0 1 1                                  7
1099 09 E 1 0 1                                           0
                                    ra=-
1101 0A - 1 0 1                                            0
                                                 an=0
1103 0B - 1 0 1                                             0
1105 01 - 1 1 0   B
1107 02 - 1 1 0    B
1109 03 - 1 1 0     F
1111 04 - 1 1 0      F
1113 05 - 1 1 0       0
1115 06 - 1 1 0        F
1117 07 - 1 1 0         F
1119 08 - 1 1 0          8
1121 09 - 1 1 0           3
1123 0A - 1 1 0            0
1125 0B - 1 1 0             4
1127 0C - 1 1 0              1
1129 09 - 1 0 1                                           0
                                    ra=-
1131 0A - 1 0 1                                            0
                                                 an=4
1133 0B - 1 0 1                                             4
                                    ANN(01)=0
1135 01 - 1 1 0   0
                                    ANN(02)=0
1137 02 - 1 1 0    0
                                    ANN(03)=0
1139 03 - 1 1 0     0
                                    ANN(04)=0
1141 04 - 1 1 0      0
                                    ANN(05)=3
1143 05 - 1 1 0       3
                                    ANN(06)=C
1145 06 - 1 1 0        C
                                    ANN(07)=0
1147 07 - 1 1 0         0
                                    ANN(08)=5
1149 08 - 1 1 0          5
                                    ANN(09)=4
1151 09 - 1 1 0           4
                                    ANN(0A)=4
1153 0A - 1 1 0            4
                                    ANN(0B)=4
1155 0B - 1 1 0             4
                                    ANN(0C)=5
1157 0C - 1 1 0              5
1159 09 - 1 0 1                                           0
                                    ra=-
1161 0A - 1 0 1                                            0
                                                 an=0
1163 0B - 1 0 1                                             0
1165 01 - 1 1 0   B
1167 02 - 1 1 0    B
1169 03 - 1 1 0     F
1171 04 - 1 1 0      F
1173 05 - 1 1 0       0
1175 06 - 1 1 0        F
1177 07 - 1 1 0         F
1179 08 - 1 1 0          8
1181 09 - 1 1 0           3
1183 0A - 1 1 0            0
1185 0B - 1 1 0             4
1187 0C - 1 1 0              1
1189 09 - 1 0 1                                           0
                                    ra=-
1191 0A - 1 0 1                                            0
                                                 an=4
1193 0B - 1 0 1                                             4
                                    ANN(01)=0
1195 01 - 1 1 0   0
                                    ANN(02)=0
1197 02 - 1 1 0    0
                                    ANN(03)=0
1199 03 - 1 1 0     0
                                    ANN(04)=0
1201 04 - 1 1 0      0
                                    ANN(05)=3
1203 05 - 1 1 0       3
                                    ANN(06)=C
1205 06 - 1 1 0        C
                                    ANN(07)=0
1207 07 - 1 1 0         0
                                    ANN(08)=5
1209 08 - 1 1 0          5
                                    ANN(09)=4
1211 09 - 1 1 0           4
                                    ANN(0A)=4
1213 0A - 1 1 0            4
                                    ANN(0B)=C
1215 0B - 1 1 0             C
                                    ANN(0C)=5
1217 0C - 1 1 0              5
                                    ra=-
1219 00 - 1 0 1                                  0
                                    ra=F
1221 03 F 1 0 1                                     F
1223 04 F 1 0 1                                      0
1225 05 F 1 0 1                                       9
1227 0A F 1 1 0            5
1229 0B F 1 1 0             5
1231 0C F 1 1 0              0
1233 01 F 1 0 1                                   7
1235 02 F 1 0 1                                    0
                                    ra=F
1237 03 F 1 0 1                                     F
1239 00 F 0 1 1                                  0
1241 01 F 0 1 1                                   F
1243 02 F 0 1 1                                    2
1245 03 F 0 1 1                                     A
1247 04 F 0 1 1                                      B
1249 05 F 0 1 1                                       9
1251 06 F 0 1 1                                        8
1253 07 F 0 1 1                                         A
1255 08 F 0 1 1                                          3
1257 09 F 0 1 1                                           A
1259 0A F 0 1 1                                            9
1261 0B F 0 1 1                                             8
1263 0C F 0 1 1                                              9
1265 0D F 0 1 1                                               F
1267 0E F 0 1 1                                                A
1269 0F F 0 1 1                                                 F
1271 00 F 0 1 1                                  7
1273 09 F 1 0 1                                           0
                                    ra=-
1275 0A - 1 0 1                                            0
                                                 an=0
1277 0B - 1 0 1                                             0
1279 01 - 1 1 0   B
1281 02 - 1 1 0    B
1283 03 - 1 1 0     F
1285 04 - 1 1 0      F
1287 05 - 1 1 0       0
1289 06 - 1 1 0        F
1291 07 - 1 1 0         F
1293 08 - 1 1 0          8
1295 09 - 1 1 0           3
1297 0A - 1 1 0            0
1299 0B - 1 1 0             4
1301 0C - 1 1 0              1
1303 09 - 1 0 1                                           0
                                    ra=-
1305 0A - 1 0 1                                            0
                                                 an=4
1307 0B - 1 0 1                                             4
                                    ANN(01)=0
1309 01 - 1 1 0   0
                                    ANN(02)=0
1311 02 - 1 1 0    0
                                    ANN(03)=0
1313 03 - 1 1 0     0
                                    ANN(04)=0
1315 04 - 1 1 0      0
                                    ANN(05)=3
1317 05 - 1 1 0       3
                                    ANN(06)=C
1319 06 - 1 1 0        C
                                    ANN(07)=0
1321 07 - 1 1 0         0
                                    ANN(08)=5
1323 08 - 1 1 0          5
                                    ANN(09)=4
1325 09 - 1 1 0           4
                                    ANN(0A)=4
1327 0A - 1 1 0            4
                                    ANN(0B)=C
1329 0B - 1 1 0             C
                                    ANN(0C)=5
1331 0C - 1 1 0              5
1333 09 - 1 0 1                                           0
                                    ra=-
1335 0A - 1 0 1                                            0
                                                 an=0
1337 0B - 1 0 1                                             0
1339 01 - 1 1 0   B
1341 02 - 1 1 0    B
1343 03 - 1 1 0     F
1345 04 - 1 1 0      F
1347 05 - 1 1 0       0
1349 06 - 1 1 0        F
1351 07 - 1 1 0         F
1353 08 - 1 1 0          8
1355 09 - 1 1 0           3
1357 0A - 1 1 0            0
1359 0B - 1 1 0             4
1361 0C - 1 1 0              1
1363 09 - 1 0 1                                           0
                                    ra=-
1365 0A - 1 0 1                                            0
                                                 an=4
1367 0B - 1 0 1                                             4
                                    ANN(01)=0
1369 01 - 1 1 0   0
                                    ANN(02)=0
1371 02 - 1 1 0    0
                                    ANN(03)=0
1373 03 - 1 1 0     0
                                    ANN(04)=0
1375 04 - 1 1 0      0
                                    ANN(05)=3
1377 05 - 1 1 0       3
                                    ANN(06)=C
1379 06 - 1 1 0        C
                                    ANN(07)=0
1381 07 - 1 1 0         0
                                    ANN(08)=5
1383 08 - 1 1 0          5
                                    ANN(09)=4
1385 09 - 1 1 0           4
                                    ANN(0A)=4
1387 0A - 1 1 0            4
                                    ANN(0B)=4
1389 0B - 1 1 0             4
1391 7F - 0 0 0                                                                                                                                 F
1393 7F - 0 0 0                                                                                                                                 F
1395 7F - 0 0 0                                                                                                                                 F
1397 7F - 0 0 0                                                                                                                                 F
1399 7F - 0 0 0                                                                                                                                 F
1401 7F - 0 0 0                                                                                                                                 F
1403 7F - 0 0 0                                                                                                                                 F
1405 7F - 0 0 0                                                                                                                                 F
1407 7F - 0 0 0                                                                                                                                 F
1409 7F - 0 0 0                                                                                                                                 F
1411 7F - 0 0 0                                                                                                                                 F
1413 7F - 0 0 0                                                                                                                                 F
1415 7F - 0 0 0                                                                                                                                 F
1417 7F - 0 0 0                                                                                                                                 F
1419 7F - 0 0 0                                                                                                                                 F
1421 7F - 0 0 0                                                                                                                                 F
1423 7F - 0 0 0                                                                                                                                 F
1425 7F - 0 0 0                                                                                                                                 F
1427 7F - 0 0 0                                                                                                                                 F
1429 7F - 0 0 0                                                                                                                                 F
1431 7F - 0 0 0                                                                                                                                 F
1433 7F - 0 0 0                                                                                                                                 F
1435 7F - 0 0 0                                                                                                                                 F
1437 7F - 0 0 0                                                                                                                                 F
1439 7F - 0 0 0                                                                                                                                 F
1441 7F - 0 0 0                                                                                                                                 F
1443 7F - 0 0 0                                                                                                                                 F
1445 7F - 0 0 0                                                                                                                                 F
1447 7F - 0 0 0                                                                                                                                 F
1449 7F - 0 0 0                                                                                                                                 F
1451 7F - 0 0 0                                                                                                                                 F
1453 7F - 0 0 0                                                                                                                                 F
1455 7F - 0 0 0                                                                                                                                 F
1457 7F - 0 0 0                                                                                                                                 F
1459 7F - 0 0 0                                                                                                                                 F
1461 7F - 0 0 0                                                                                                                                 F
1463 7F - 0 0 0                                                                                                                                 F
1465 7F - 0 0 0                                                                                                                                 F
1467 7F - 0 0 0                                                                                                                                 F
1469 7F - 0 0 0                                                                                                                                 F
1471 7F - 0 0 0                                                                                                                                 F
1473 7F - 0 0 0                                                                                                                                 F
1475 7F - 0 0 0                                                                                                                                 F
1477 7F - 0 0 0                                                                                                                                 F
1479 7F - 0 0 0                                                                                                                                 F
1481 7F - 0 0 0                                                                                                                                 F
1483 7F - 0 0 0                                                                                                                                 F
1485 7F - 0 0 0                                                                                                                                 F
1487 7F - 0 0 0                                                                                                                                 F
1489 7F - 0 0 0                                                                                                                                 F
1491 7F - 0 0 0                                                                                                                                 F
1493 7F - 0 0 0                                                                                                                                 F
1495 7F - 0 0 0                                                                                                                                 F
1497 7F - 0 0 0                                                                                                                                 F
1499 7F - 0 0 0                                                                                                                                 F
1501 7F - 0 0 0                                                                                                                                 F
1503 7F - 0 0 0                                                                                                                                 F
1505 7F - 0 0 0                                                                                                                                 F
1507 7F - 0 0 0                                                                                                                                 F
1509 7F - 0 0 0                                                                                                                                 F
1511 7F - 0 0 0                                                                                                                                 F
1513 7F - 0 0 0                                                                                                                                 F
1515 7F - 0 0 0                                                                                                                                 F
1517 7F - 0 0 0                                                                                                                                 F
1519 7F - 0 0 0                                                                                                                                 F
1521 7F - 0 0 0                                                                                                                                 F
1523 7F - 0 0 0                                                                                                                                 F
1525 7F - 0 0 0                                                                                                                                 F
1527 7F - 0 0 0                                                                                                                                 F
1529 7F - 0 0 0                                                                                                                                 F
1531 7F - 0 0 0                                                                                                                                 F
1533 7F - 0 0 0                                                                                                                                 F
1535 7F - 0 0 0                                                                                                                                 F
1537 7F - 0 0 0                                                                                                                                 F
1539 7F - 0 0 0                                                                                                                                 F
1541 7F - 0 0 0                                                                                                                                 F
1543 7F - 0 0 0                                                                                                                                 F
1545 7F - 0 0 0                                                                                                                                 F
1547 7F - 0 0 0                                                                                                                                 F
1549 7F - 0 0 0                                                                                                                                 F
1551 7F - 0 0 0                                                                                                                                 F
1553 7F - 0 0 0                                                                                                                                 F
1555 7F - 0 0 0                                                                                                                                 F
1557 7F - 0 0 0                                                                                                                                 F
1559 7F - 0 0 0                                                                                                                                 F
1561 7F - 0 0 0                                                                                                                                 F
1563 7F - 0 0 0                                                                                                                                 F
1565 7F - 0 0 0                                                                                                                                 F
1567 7F - 0 0 0                                                                                                                                 F
1569 7F - 0 0 0                                                                                                                                 F
1571 7F - 0 0 0                                                                                                                                 F
1573 7F - 0 0 0                                                                                                                                 F
1575 7F - 0 0 0                                                                                                                                 F
1577 7F - 0 0 0                                                                                                                                 F
1579 7F - 0 0 0                                                                                                                                 F
1581 7F - 0 0 0                                                                                                                                 F
1583 7F - 0 0 0                                                                                                                                 F
1585 7F - 0 0 0                                                                                                                                 F
1587 7F - 0 0 0                                                                                                                                 F
1589 7F - 0 0 0                                                                                                                                 F
1591 7F - 0 0 0                                                                                                                                 F
1593 7F - 0 0 0                                                                                                                                 F
1595 7F - 0 0 0                                                                                                                                 F
1597 7F - 0 0 0                                                                                                                                 F
1599 7F - 0 0 0                                                                                                                                 F
1601 7F - 0 0 0                                                                                                                                 F
1603 7F - 0 0 0                                                                                                                                 F
1605 7F - 0 0 0                                                                                                                                 F
1607 7F - 0 0 0                                                                                                                                 F
1609 7F - 0 0 0                                                                                                                                 F
1611 7F - 0 0 0                                                                                                                                 F
1613 7F - 0 0 0                                                                                                                                 F
1615 7F - 0 0 0                                                                                                                                 F
1617 7F - 0 0 0                                                                                                                                 F
1619 7F - 0 0 0                                                                                                                                 F
1621 7F - 0 0 0                                                                                                                                 F
1623 7F - 0 0 0                                                                                                                                 F
1625 7F - 0 0 0                                                                                                                                 F
1627 7F - 0 0 0                                                                                                                                 F
1629 7F - 0 0 0                                                                                                                                 F
1631 7F - 0 0 0                                                                                                                                 F
1633 7F - 0 0 0                                                                                                                                 F
1635 7F - 0 0 0                                                                                                                                 F
1637 7F - 0 0 0                                                                                                                                 F
1639 7F - 0 0 0                                                                                                                                 F
1641 7F - 0 0 0                                                                                                                                 F
1643 7F - 0 0 0                                                                                                                                 F
1645 7F - 0 0 0                                                                                                                                 F
1647 7F - 0 0 0                                                                                                                                 F
1649 7F - 0 0 0                                                                                                                                 F
1651 7F - 0 0 0                                                                                                                                 F
1653 7F - 0 0 0                                                                                                                                 F
1655 7F - 0 0 0                                                                                                                                 F
1657 7F - 0 0 0                                                                                                                                 F
1659 7F - 0 0 0                                                                                                                                 F
1661 7F - 0 0 0                                                                                                                                 F
1663 7F - 0 0 0                                                                                                                                 F
1665 7F - 0 0 0                                                                                                                                 F
1667 7F - 0 0 0                                                                                                                                 F
1669 7F - 0 0 0                                                                                                                                 F
1671 7F - 0 0 0                                                                                                                                 F
1673 7F - 0 0 0                                                                                                                                 F
1675 7F - 0 0 0                                                                                                                                 F
1677 7F - 0 0 0                                                                                                                                 F
1679 7F - 0 0 0                                                                                                                                 F
1681 7F - 0 0 0                                                                                                                                 F
1683 7F - 0 0 0                                                                                                                                 F
1685 7F - 0 0 0                                                                                                                                 F
1687 7F - 0 0 0                                                                                                                                 F
1689 7F - 0 0 0                                                                                                                                 F
1691 7F - 0 0 0                                                                                                                                 F
1693 7F - 0 0 0                                                                                                                                 F
1695 7F - 0 0 0                                                                                                                                 F
1697 7F - 0 0 0                                                                                                                                 F
1699 7F - 0 0 0                                                                                                                                 F
1701 7F - 0 0 0                                                                                                                                 F
1703 7F - 0 0 0                                                                                                                                 F
1705 7F - 0 0 0                                                                                                                                 F
1707 7F - 0 0 0                                                                                                                                 F
1709 7F - 0 0 0                                                                                                                                 F
1711 7F - 0 0 0                                                                                                                                 F
1713 7F - 0 0 0                                                                                                                                 F
1715 7F - 0 0 0                                                                                                                                 F
1717 7F - 0 0 0                                                                                                                                 F
1719 7F - 0 0 0                                                                                                                                 F
1721 7F - 0 0 0                                                                                                                                 F
1723 7F - 0 0 0                                                                                                                                 F
1725 7F - 0 0 0                                                                                                                                 F
1727 7F - 0 0 0                                                                                                                                 F
1729 7F - 0 0 0                                                                                                                                 F
1731 7F - 0 0 0                                                                                                                                 F
1733 7F - 0 0 0                                                                                                                                 F
1735 7F - 0 0 0                                                                                                                                 F
1737 7F - 0 0 0                                                                                                                                 F
1739 7F - 0 0 0                                                                                                                                 F
1741 7F - 0 0 0                                                                                                                                 F
1743 7F - 0 0 0                                                                                                                                 F
1745 7F - 0 0 0                                                                                                                                 F
1747 7F - 0 0 0                                                                                                                                 F
1749 7F - 0 0 0                                                                                                                                 F
1751 7F - 0 0 0                                                                                                                                 F
1753 7F - 0 0 0                                                                                                                                 F
1755 7F - 0 0 0                                                                                                                                 F
1757 7F - 0 0 0                                                                                                                                 F
1759 7F - 0 0 0                                                                                                                                 F
1761 7F - 0 0 0                                                                                                                                 F
1763 7F - 0 0 0                                                                                                                                 F
1765 7F - 0 0 0                                                                                                                                 F
1767 7F - 0 0 0                                                                                                                                 F
1769 7F - 0 0 0                                                                                                                                 F
1771 7F - 0 0 0                                                                                                                                 F
1773 7F - 0 0 0                                                                                                                                 F
1775 7F - 0 0 0                                                                                                                                 F
1777 7F - 0 0 0                                                                                                                                 F
1779 7F - 0 0 0                                                                                                                                 F
1781 7F - 0 0 0                                                                                                                                 F
1783 7F - 0 0 0                                                                                                                                 F
1785 7F - 0 0 0                                                                                                                                 F
1787 7F - 0 0 0                                                                                                                                 F
1789 7F - 0 0 0                                                                                                                                 F
