0697 00 - 1 0 1                                  0
                                    ra=F
0699 03 F 1 0 1                                     F
0701 04 F 1 0 1                                      0
0703 05 F 1 0 1                                       9
0705 0A F 1 1 0            9
0707 0B F 1 1 0             9
0709 0C F 1 1 0              0
0711 01 F 1 0 1                                   7
0713 02 F 1 0 1                                    0
                                    ra=E
0715 03 E 1 0 1                                     E
0717 00 E 0 1 1                                  0
0719 01 E 0 1 1                                   F
0721 02 E 0 1 1                                    7
0723 03 E 0 1 1                                     4
0725 04 E 0 1 1                                      0
0727 05 E 0 1 1                                       4
0729 06 E 0 1 1                                        F
0731 07 E 0 1 1                                         4
0733 08 E 0 1 1                                          8
0735 09 E 0 1 1                                           4
0737 0A E 0 1 1                                            1
0739 0B E 0 1 1                                             4
0741 0C E 0 1 1                                              9
0743 0D E 0 1 1                                               F
0745 0E E 0 1 1                                                A
0747 0F E 0 1 1                                                 F
0749 00 E 0 1 1                                  7
0751 09 E 1 0 1                                           0
                                    ra=-
0753 0A - 1 0 1                                            0
                                                 an=0
0755 0B - 1 0 1                                             0
0757 01 - 1 1 0   B
0759 02 - 1 1 0    B
0761 03 - 1 1 0     F
0763 04 - 1 1 0      F
0765 05 - 1 1 0       0
0767 06 - 1 1 0        F
0769 07 - 1 1 0         F
0771 08 - 1 1 0          8
0773 09 - 1 1 0           3
0775 0A - 1 1 0            0
0777 0B - 1 1 0             4
0779 0C - 1 1 0              1
0781 09 - 1 0 1                                           0
                                    ra=-
0783 0A - 1 0 1                                            0
                                                 an=4
0785 0B - 1 0 1                                             4
                                    ANN(01)=0
0787 01 - 1 1 0   0
                                    ANN(02)=0
0789 02 - 1 1 0    0
                                    ANN(03)=0
0791 03 - 1 1 0     0
                                    ANN(04)=0
0793 04 - 1 1 0      0
                                    ANN(05)=3
0795 05 - 1 1 0       3
                                    ANN(06)=C
0797 06 - 1 1 0        C
                                    ANN(07)=0
0799 07 - 1 1 0         0
                                    ANN(08)=5
0801 08 - 1 1 0          5
                                    ANN(09)=4
0803 09 - 1 1 0           4
                                    ANN(0A)=4
0805 0A - 1 1 0            4
                                    ANN(0B)=4
0807 0B - 1 1 0             4
                                    ANN(0C)=5
0809 0C - 1 1 0              5
0811 09 - 1 0 1                                           0
                                    ra=-
0813 0A - 1 0 1                                            0
                                                 an=0
0815 0B - 1 0 1                                             0
0817 01 - 1 1 0   B
0819 02 - 1 1 0    B
0821 03 - 1 1 0     F
0823 04 - 1 1 0      F
0825 05 - 1 1 0       0
0827 06 - 1 1 0        F
0829 07 - 1 1 0         F
0831 08 - 1 1 0          8
0833 09 - 1 1 0           3
0835 0A - 1 1 0            0
0837 0B - 1 1 0             4
0839 0C - 1 1 0              1
0841 09 - 1 0 1                                           0
                                    ra=-
0843 0A - 1 0 1                                            0
                                                 an=4
0845 0B - 1 0 1                                             4
                                    ANN(01)=0
0847 01 - 1 1 0   0
                                    ANN(02)=0
0849 02 - 1 1 0    0
                                    ANN(03)=0
0851 03 - 1 1 0     0
                                    ANN(04)=0
0853 04 - 1 1 0      0
                                    ANN(05)=3
0855 05 - 1 1 0       3
                                    ANN(06)=C
0857 06 - 1 1 0        C
                                    ANN(07)=0
0859 07 - 1 1 0         0
                                    ANN(08)=5
0861 08 - 1 1 0          5
                                    ANN(09)=4
0863 09 - 1 1 0           4
                                    ANN(0A)=4
0865 0A - 1 1 0            4
                                    ANN(0B)=4
0867 0B - 1 1 0             4
                                    ANN(0C)=D
0869 0C - 1 1 0              D
                                    ra=-
0871 00 - 1 0 1                                  0
                                    ra=F
0873 03 F 1 0 1                                     F
0875 04 F 1 0 1                                      0
0877 05 F 1 0 1                                       9
0879 0A F 1 1 0            0
0881 0B F 1 1 0             5
0883 0C F 1 1 0              0
0885 01 F 1 0 1                                   F
0887 02 F 1 0 1                                    0
                                    ra=E
0889 03 E 1 0 1                                     E
0891 00 E 0 1 1                                  0
0893 01 E 0 1 1                                   F
0895 02 E 0 1 1                                    0
0897 03 E 0 1 1                                     8
0899 04 E 0 1 1                                      C
0901 05 E 0 1 1                                       7
0903 06 E 0 1 1                                        B
0905 07 E 0 1 1                                         6
0907 08 E 0 1 1                                          D
0909 09 E 0 1 1                                           8
0911 0A E 0 1 1                                            D
0913 0B E 0 1 1                                             7
0915 0C E 0 1 1                                              9
0917 0D E 0 1 1                                               F
0919 0E E 0 1 1                                                A
0921 0F E 0 1 1                                                 F
0923 00 E 0 1 1                                  7
0925 09 E 1 0 1                                           0
                                    ra=-
0927 0A - 1 0 1                                            0
                                                 an=0
0929 0B - 1 0 1                                             0
0931 01 - 1 1 0   B
0933 02 - 1 1 0    B
0935 03 - 1 1 0     F
0937 04 - 1 1 0      F
0939 05 - 1 1 0       0
0941 06 - 1 1 0        F
0943 07 - 1 1 0         F
0945 08 - 1 1 0          8
0947 09 - 1 1 0           3
0949 0A - 1 1 0            0
0951 0B - 1 1 0             4
0953 0C - 1 1 0              1
0955 09 - 1 0 1                                           0
                                    ra=-
0957 0A - 1 0 1                                            0
                                                 an=4
0959 0B - 1 0 1                                             4
                                    ANN(01)=0
0961 01 - 1 1 0   0
                                    ANN(02)=0
0963 02 - 1 1 0    0
                                    ANN(03)=0
0965 03 - 1 1 0     0
                                    ANN(04)=0
0967 04 - 1 1 0      0
                                    ANN(05)=3
0969 05 - 1 1 0       3
                                    ANN(06)=C
0971 06 - 1 1 0        C
                                    ANN(07)=0
0973 07 - 1 1 0         0
                                    ANN(08)=5
0975 08 - 1 1 0          5
                                    ANN(09)=4
0977 09 - 1 1 0           4
                                    ANN(0A)=4
0979 0A - 1 1 0            4
                                    ANN(0B)=4
0981 0B - 1 1 0             4
                                    ANN(0C)=D
0983 0C - 1 1 0              D
0985 09 - 1 0 1                                           0
                                    ra=-
0987 0A - 1 0 1                                            0
                                                 an=0
0989 0B - 1 0 1                                             0
0991 01 - 1 1 0   B
0993 02 - 1 1 0    B
0995 03 - 1 1 0     F
0997 04 - 1 1 0      F
0999 05 - 1 1 0       0
1001 06 - 1 1 0        F
1003 07 - 1 1 0         F
1005 08 - 1 1 0          8
1007 09 - 1 1 0           3
1009 0A - 1 1 0            0
1011 0B - 1 1 0             4
1013 0C - 1 1 0              1
1015 09 - 1 0 1                                           0
                                    ra=-
1017 0A - 1 0 1                                            0
                                                 an=4
1019 0B - 1 0 1                                             4
                                    ANN(01)=0
1021 01 - 1 1 0   0
                                    ANN(02)=0
1023 02 - 1 1 0    0
                                    ANN(03)=0
1025 03 - 1 1 0     0
                                    ANN(04)=0
1027 04 - 1 1 0      0
                                    ANN(05)=3
1029 05 - 1 1 0       3
                                    ANN(06)=C
1031 06 - 1 1 0        C
                                    ANN(07)=0
1033 07 - 1 1 0         0
                                    ANN(08)=5
1035 08 - 1 1 0          5
                                    ANN(09)=4
1037 09 - 1 1 0           4
                                    ANN(0A)=4
1039 0A - 1 1 0            4
                                    ANN(0B)=4
1041 0B - 1 1 0             4
                                    ANN(0C)=5
1043 0C - 1 1 0              5
                                    ra=-
