0349 00 - 1 0 1                                  0
                                    ra=F
0351 03 F 1 0 1                                     F
0353 04 F 1 0 1                                      0
0355 05 F 1 0 1                                       9
0357 0A F 1 1 0            2
0359 0B F 1 1 0             1
0361 0C F 1 1 0              1
0363 01 F 1 0 1                                   7
0365 02 F 1 0 1                                    0
                                    ra=E
0367 03 E 1 0 1                                     E
0369 00 E 0 1 1                                  0
0371 01 E 0 1 1                                   F
0373 02 E 0 1 1                                    7
0375 03 E 0 1 1                                     4
0377 04 E 0 1 1                                      0
0379 05 E 0 1 1                                       4
0381 06 E 0 1 1                                        F
0383 07 E 0 1 1                                         4
0385 08 E 0 1 1                                          8
0387 09 E 0 1 1                                           4
0389 0A E 0 1 1                                            1
0391 0B E 0 1 1                                             4
0393 0C E 0 1 1                                              9
0395 0D E 0 1 1                                               F
0397 0E E 0 1 1                                                A
0399 0F E 0 1 1                                                 F
0401 00 E 0 1 1                                  7
0403 09 E 1 0 1                                           0
                                    ra=-
0405 0A - 1 0 1                                            0
                                                 an=0
0407 0B - 1 0 1                                             0
0409 01 - 1 1 0   B
0411 02 - 1 1 0    B
0413 03 - 1 1 0     F
0415 04 - 1 1 0      F
0417 05 - 1 1 0       0
0419 06 - 1 1 0        F
0421 07 - 1 1 0         F
0423 08 - 1 1 0          8
0425 09 - 1 1 0           3
0427 0A - 1 1 0            0
0429 0B - 1 1 0             4
0431 0C - 1 1 0              1
0433 09 - 1 0 1                                           0
                                    ra=-
0435 0A - 1 0 1                                            0
                                                 an=4
0437 0B - 1 0 1                                             4
                                    ANN(01)=0
0439 01 - 1 1 0   0
                                    ANN(02)=0
0441 02 - 1 1 0    0
                                    ANN(03)=0
0443 03 - 1 1 0     0
                                    ANN(04)=0
0445 04 - 1 1 0      0
                                    ANN(05)=3
0447 05 - 1 1 0       3
                                    ANN(06)=C
0449 06 - 1 1 0        C
                                    ANN(07)=0
0451 07 - 1 1 0         0
                                    ANN(08)=5
0453 08 - 1 1 0          5
                                    ANN(09)=4
0455 09 - 1 1 0           4
                                    ANN(0A)=4
0457 0A - 1 1 0            4
                                    ANN(0B)=4
0459 0B - 1 1 0             4
                                    ANN(0C)=5
0461 0C - 1 1 0              5
0463 09 - 1 0 1                                           0
                                    ra=-
0465 0A - 1 0 1                                            0
                                                 an=0
0467 0B - 1 0 1                                             0
0469 01 - 1 1 0   B
0471 02 - 1 1 0    B
0473 03 - 1 1 0     F
0475 04 - 1 1 0      F
0477 05 - 1 1 0       0
0479 06 - 1 1 0        F
0481 07 - 1 1 0         F
0483 08 - 1 1 0          8
0485 09 - 1 1 0           3
0487 0A - 1 1 0            0
0489 0B - 1 1 0             4
0491 0C - 1 1 0              1
0493 09 - 1 0 1                                           0
                                    ra=-
0495 0A - 1 0 1                                            0
                                                 an=4
0497 0B - 1 0 1                                             4
                                    ANN(01)=0
0499 01 - 1 1 0   0
                                    ANN(02)=0
0501 02 - 1 1 0    0
                                    ANN(03)=0
0503 03 - 1 1 0     0
                                    ANN(04)=0
0505 04 - 1 1 0      0
                                    ANN(05)=3
0507 05 - 1 1 0       3
                                    ANN(06)=C
0509 06 - 1 1 0        C
                                    ANN(07)=0
0511 07 - 1 1 0         0
                                    ANN(08)=5
0513 08 - 1 1 0          5
                                    ANN(09)=4
0515 09 - 1 1 0           4
                                    ANN(0A)=4
0517 0A - 1 1 0            4
                                    ANN(0B)=C
0519 0B - 1 1 0             C
                                    ANN(0C)=5
0521 0C - 1 1 0              5
                                    ra=-
0523 00 - 1 0 1                                  0
                                    ra=F
0525 03 F 1 0 1                                     F
0527 04 F 1 0 1                                      0
0529 05 F 1 0 1                                       9
0531 0A F 1 1 0            4
0533 0B F 1 1 0             7
0535 0C F 1 1 0              0
0537 01 F 1 0 1                                   7
0539 02 F 1 0 1                                    0
                                    ra=F
0541 03 F 1 0 1                                     F
0543 00 F 0 1 1                                  0
0545 01 F 0 1 1                                   F
0547 02 F 0 1 1                                    2
0549 03 F 0 1 1                                     A
0551 04 F 0 1 1                                      B
0553 05 F 0 1 1                                       9
0555 06 F 0 1 1                                        8
0557 07 F 0 1 1                                         A
0559 08 F 0 1 1                                          3
0561 09 F 0 1 1                                           A
0563 0A F 0 1 1                                            9
0565 0B F 0 1 1                                             8
0567 0C F 0 1 1                                              9
0569 0D F 0 1 1                                               F
0571 0E F 0 1 1                                                A
0573 0F F 0 1 1                                                 F
0575 00 F 0 1 1                                  7
0577 09 F 1 0 1                                           0
                                    ra=-
0579 0A - 1 0 1                                            0
                                                 an=0
0581 0B - 1 0 1                                             0
0583 01 - 1 1 0   B
0585 02 - 1 1 0    B
0587 03 - 1 1 0     F
0589 04 - 1 1 0      F
0591 05 - 1 1 0       0
0593 06 - 1 1 0        F
0595 07 - 1 1 0         F
0597 08 - 1 1 0          8
0599 09 - 1 1 0           3
0601 0A - 1 1 0            0
0603 0B - 1 1 0             4
0605 0C - 1 1 0              1
0607 09 - 1 0 1                                           0
                                    ra=-
0609 0A - 1 0 1                                            0
                                                 an=4
0611 0B - 1 0 1                                             4
                                    ANN(01)=0
0613 01 - 1 1 0   0
                                    ANN(02)=0
0615 02 - 1 1 0    0
                                    ANN(03)=0
0617 03 - 1 1 0     0
                                    ANN(04)=0
0619 04 - 1 1 0      0
                                    ANN(05)=3
0621 05 - 1 1 0       3
                                    ANN(06)=C
0623 06 - 1 1 0        C
                                    ANN(07)=0
0625 07 - 1 1 0         0
                                    ANN(08)=5
0627 08 - 1 1 0          5
                                    ANN(09)=4
0629 09 - 1 1 0           4
                                    ANN(0A)=4
0631 0A - 1 1 0            4
                                    ANN(0B)=C
0633 0B - 1 1 0             C
                                    ANN(0C)=5
0635 0C - 1 1 0              5
0637 09 - 1 0 1                                           0
                                    ra=-
0639 0A - 1 0 1                                            0
                                                 an=0
0641 0B - 1 0 1                                             0
0643 01 - 1 1 0   B
0645 02 - 1 1 0    B
0647 03 - 1 1 0     F
0649 04 - 1 1 0      F
0651 05 - 1 1 0       0
0653 06 - 1 1 0        F
0655 07 - 1 1 0         F
0657 08 - 1 1 0          8
0659 09 - 1 1 0           3
0661 0A - 1 1 0            0
0663 0B - 1 1 0             4
0665 0C - 1 1 0              1
0667 09 - 1 0 1                                           0
                                    ra=-
0669 0A - 1 0 1                                            0
                                                 an=4
0671 0B - 1 0 1                                             4
                                    ANN(01)=0
0673 01 - 1 1 0   0
                                    ANN(02)=0
0675 02 - 1 1 0    0
                                    ANN(03)=0
0677 03 - 1 1 0     0
                                    ANN(04)=0
0679 04 - 1 1 0      0
                                    ANN(05)=3
0681 05 - 1 1 0       3
                                    ANN(06)=C
0683 06 - 1 1 0        C
                                    ANN(07)=0
0685 07 - 1 1 0         0
                                    ANN(08)=5
0687 08 - 1 1 0          5
                                    ANN(09)=4
0689 09 - 1 1 0           4
                                    ANN(0A)=4
0691 0A - 1 1 0            4
                                    ANN(0B)=4
0693 0B - 1 1 0             4
                                    ANN(0C)=5
0695 0C - 1 1 0              5
                                    ra=-
