1045 00 - 1 0 1                                  0
                                    ra=F
1047 03 F 1 0 1                                     F
1049 04 F 1 0 1                                      0
1051 05 F 1 0 1                                       9
1053 0A F 1 1 0            2
1055 0B F 1 1 0             6
1057 0C F 1 1 0              0
1059 01 F 1 0 1                                   7
1061 02 F 1 0 1                                    0
                                    ra=E
1063 03 E 1 0 1                                     E
1065 00 E 0 1 1                                  0
1067 01 E 0 1 1                                   F
1069 02 E 0 1 1                                    7
1071 03 E 0 1 1                                     4
1073 04 E 0 1 1                                      0
1075 05 E 0 1 1                                       4
1077 06 E 0 1 1                                        F
1079 07 E 0 1 1                                         4
1081 08 E 0 1 1                                          8
1083 09 E 0 1 1                                           4
1085 0A E 0 1 1                                            1
1087 0B E 0 1 1                                             4
1089 0C E 0 1 1                                              9
1091 0D E 0 1 1                                               F
1093 0E E 0 1 1                                                A
1095 0F E 0 1 1                                                 F
1097 00 E 0 1 1                                  7
1099 09 E 1 0 1                                           0
                                    ra=-
1101 0A - 1 0 1                                            0
                                                 an=0
1103 0B - 1 0 1                                             0
1105 01 - 1 1 0   B
1107 02 - 1 1 0    B
1109 03 - 1 1 0     F
1111 04 - 1 1 0      F
1113 05 - 1 1 0       0
1115 06 - 1 1 0        F
1117 07 - 1 1 0         F
1119 08 - 1 1 0          8
1121 09 - 1 1 0           3
1123 0A - 1 1 0            0
1125 0B - 1 1 0             4
1127 0C - 1 1 0              1
1129 09 - 1 0 1                                           0
                                    ra=-
1131 0A - 1 0 1                                            0
                                                 an=4
1133 0B - 1 0 1                                             4
                                    ANN(01)=0
1135 01 - 1 1 0   0
                                    ANN(02)=0
1137 02 - 1 1 0    0
                                    ANN(03)=0
1139 03 - 1 1 0     0
                                    ANN(04)=0
1141 04 - 1 1 0      0
                                    ANN(05)=3
1143 05 - 1 1 0       3
                                    ANN(06)=C
1145 06 - 1 1 0        C
                                    ANN(07)=0
1147 07 - 1 1 0         0
                                    ANN(08)=5
1149 08 - 1 1 0          5
                                    ANN(09)=4
1151 09 - 1 1 0           4
                                    ANN(0A)=4
1153 0A - 1 1 0            4
                                    ANN(0B)=4
1155 0B - 1 1 0             4
                                    ANN(0C)=5
1157 0C - 1 1 0              5
1159 09 - 1 0 1                                           0
                                    ra=-
1161 0A - 1 0 1                                            0
                                                 an=0
1163 0B - 1 0 1                                             0
1165 01 - 1 1 0   B
1167 02 - 1 1 0    B
1169 03 - 1 1 0     F
1171 04 - 1 1 0      F
1173 05 - 1 1 0       0
1175 06 - 1 1 0        F
1177 07 - 1 1 0         F
1179 08 - 1 1 0          8
1181 09 - 1 1 0           3
1183 0A - 1 1 0            0
1185 0B - 1 1 0             4
1187 0C - 1 1 0              1
1189 09 - 1 0 1                                           0
                                    ra=-
1191 0A - 1 0 1                                            0
                                                 an=4
1193 0B - 1 0 1                                             4
                                    ANN(01)=0
1195 01 - 1 1 0   0
                                    ANN(02)=0
1197 02 - 1 1 0    0
                                    ANN(03)=0
1199 03 - 1 1 0     0
                                    ANN(04)=0
1201 04 - 1 1 0      0
                                    ANN(05)=3
1203 05 - 1 1 0       3
                                    ANN(06)=C
1205 06 - 1 1 0        C
                                    ANN(07)=0
1207 07 - 1 1 0         0
                                    ANN(08)=5
1209 08 - 1 1 0          5
                                    ANN(09)=4
1211 09 - 1 1 0           4
                                    ANN(0A)=4
1213 0A - 1 1 0            4
                                    ANN(0B)=C
1215 0B - 1 1 0             C
                                    ANN(0C)=5
1217 0C - 1 1 0              5
                                    ra=-
1219 00 - 1 0 1                                  0
                                    ra=F
1221 03 F 1 0 1                                     F
1223 04 F 1 0 1                                      0
1225 05 F 1 0 1                                       9
1227 0A F 1 1 0            5
1229 0B F 1 1 0             5
1231 0C F 1 1 0              0
1233 01 F 1 0 1                                   7
1235 02 F 1 0 1                                    0
                                    ra=F
1237 03 F 1 0 1                                     F
1239 00 F 0 1 1                                  0
1241 01 F 0 1 1                                   F
1243 02 F 0 1 1                                    2
1245 03 F 0 1 1                                     A
1247 04 F 0 1 1                                      B
1249 05 F 0 1 1                                       9
1251 06 F 0 1 1                                        8
1253 07 F 0 1 1                                         A
1255 08 F 0 1 1                                          3
1257 09 F 0 1 1                                           A
1259 0A F 0 1 1                                            9
1261 0B F 0 1 1                                             8
1263 0C F 0 1 1                                              9
1265 0D F 0 1 1                                               F
1267 0E F 0 1 1                                                A
1269 0F F 0 1 1                                                 F
1271 00 F 0 1 1                                  7
1273 09 F 1 0 1                                           0
                                    ra=-
1275 0A - 1 0 1                                            0
                                                 an=0
1277 0B - 1 0 1                                             0
1279 01 - 1 1 0   B
1281 02 - 1 1 0    B
1283 03 - 1 1 0     F
1285 04 - 1 1 0      F
1287 05 - 1 1 0       0
1289 06 - 1 1 0        F
1291 07 - 1 1 0         F
1293 08 - 1 1 0          8
1295 09 - 1 1 0           3
1297 0A - 1 1 0            0
1299 0B - 1 1 0             4
1301 0C - 1 1 0              1
1303 09 - 1 0 1                                           0
                                    ra=-
1305 0A - 1 0 1                                            0
                                                 an=4
1307 0B - 1 0 1                                             4
                                    ANN(01)=0
1309 01 - 1 1 0   0
                                    ANN(02)=0
1311 02 - 1 1 0    0
                                    ANN(03)=0
1313 03 - 1 1 0     0
                                    ANN(04)=0
1315 04 - 1 1 0      0
                                    ANN(05)=3
1317 05 - 1 1 0       3
                                    ANN(06)=C
1319 06 - 1 1 0        C
                                    ANN(07)=0
1321 07 - 1 1 0         0
                                    ANN(08)=5
1323 08 - 1 1 0          5
                                    ANN(09)=4
1325 09 - 1 1 0           4
                                    ANN(0A)=4
1327 0A - 1 1 0            4
                                    ANN(0B)=C
1329 0B - 1 1 0             C
                                    ANN(0C)=5
1331 0C - 1 1 0              5
1333 09 - 1 0 1                                           0
                                    ra=-
1335 0A - 1 0 1                                            0
                                                 an=0
1337 0B - 1 0 1                                             0
1339 01 - 1 1 0   B
1341 02 - 1 1 0    B
1343 03 - 1 1 0     F
1345 04 - 1 1 0      F
1347 05 - 1 1 0       0
1349 06 - 1 1 0        F
1351 07 - 1 1 0         F
1353 08 - 1 1 0          8
1355 09 - 1 1 0           3
1357 0A - 1 1 0            0
1359 0B - 1 1 0             4
1361 0C - 1 1 0              1
1363 09 - 1 0 1                                           0
                                    ra=-
1365 0A - 1 0 1                                            0
                                                 an=4
1367 0B - 1 0 1                                             4
                                    ANN(01)=0
1369 01 - 1 1 0   0
                                    ANN(02)=0
1371 02 - 1 1 0    0
                                    ANN(03)=0
1373 03 - 1 1 0     0
                                    ANN(04)=0
1375 04 - 1 1 0      0
                                    ANN(05)=3
1377 05 - 1 1 0       3
                                    ANN(06)=C
1379 06 - 1 1 0        C
                                    ANN(07)=0
1381 07 - 1 1 0         0
                                    ANN(08)=5
1383 08 - 1 1 0          5
                                    ANN(09)=4
1385 09 - 1 1 0           4
                                    ANN(0A)=4
1387 0A - 1 1 0            4
                                    ANN(0B)=4
1389 0B - 1 1 0             4
