a,b = C, D
a,b = E, F
03 F - 1 10111111 0                 1
                                    ra=C
0001 03 C 1 0 1                                     C
0003 04 C 1 0 1                                      0
0005 05 C 1 0 1                                       8
                                    ra=C
0007 03 C 1 0 1                                     C
0009 04 C 1 0 1                                      0
0011 05 C 1 0 1                                       8
0013 03 C 0 1 1                                     0
0015 04 C 0 1 1                                      0
0017 05 C 0 1 1                                       3
0019 06 C 0 1 1                                        4
0021 07 C 0 1 1                                         0
0023 08 C 0 1 1                                          5
0025 09 C 0 1 1                                           4
0027 0A C 0 1 1                                            4
0029 0B C 0 1 1                                             4
0031 0C C 0 1 1                                              5
                                    ra=D
0033 03 D 1 0 1                                     D
0035 03 D 0 1 1                                     F
0037 04 D 0 1 1                                      F
0039 05 D 0 1 1                                       0
0041 06 D 0 1 1                                        F
0043 07 D 0 1 1                                         F
0045 08 D 0 1 1                                          8
0047 09 D 0 1 1                                           3
0049 0A D 0 1 1                                            0
0051 0B D 0 1 1                                             4
0053 0C D 0 1 1                                              1
                                    ra=E
0055 03 E 1 0 1                                     E
0057 04 E 1 0 1                                      0
0059 05 E 1 0 1                                       8
0061 03 E 0 1 1                                     0
0063 04 E 0 1 1                                      0
0065 05 E 0 1 1                                       0
0067 06 E 0 1 1                                        0
0069 07 E 0 1 1                                         0
0071 08 E 0 1 1                                          0
0073 09 E 0 1 1                                           0
0075 0A E 0 1 1                                            0
0077 0B E 0 1 1                                             0
0079 0C E 0 1 1                                              0
                                    ra=F
0081 03 F 1 0 1                                     F
0083 03 F 0 1 1                                     F
0085 04 F 0 1 1                                      F
0087 05 F 0 1 1                                       F
0089 06 F 0 1 1                                        F
0091 07 F 0 1 1                                         F
0093 08 F 0 1 1                                          F
0095 09 F 0 1 1                                           F
0097 0A F 0 1 1                                            F
0099 0B F 0 1 1                                             F
0101 0C F 0 1 1                                              F
0103 09 F 1 0 1                                           0
                                    ra=-
0105 0A - 1 0 1                                            0
                                                 an=0
0107 0B - 1 0 1                                             0
0109 01 - 1 1 0   A
0111 02 - 1 1 0    B
0113 03 - 1 1 0     F
0115 04 - 1 1 0      F
0117 05 - 1 1 0       F
0119 06 - 1 1 0        F
0121 07 - 1 1 0         F
0123 08 - 1 1 0          F
0125 09 - 1 1 0           F
0127 0A - 1 1 0            F
0129 0B - 1 1 0             F
0131 0C - 1 1 0              F
0133 09 - 1 0 1                                           0
                                    ra=-
0135 0A - 1 0 1                                            0
                                                 an=4
0137 0B - 1 0 1                                             4
                                    ANN(01)=0
0139 01 - 1 1 0   0
                                    ANN(02)=0
0141 02 - 1 1 0    0
                                    ANN(03)=0
0143 03 - 1 1 0     0
                                    ANN(04)=0
0145 04 - 1 1 0      0
                                    ANN(05)=0
0147 05 - 1 1 0       0
                                    ANN(06)=0
0149 06 - 1 1 0        0
                                    ANN(07)=0
0151 07 - 1 1 0         0
                                    ANN(08)=0
0153 08 - 1 1 0          0
                                    ANN(09)=0
0155 09 - 1 1 0           0
                                    ANN(0A)=8
0157 0A - 1 1 0            8
                                    ANN(0B)=0
0159 0B - 1 1 0             0
                                    ANN(0C)=0
0161 0C - 1 1 0              0
                                    ra=C
0163 03 C 1 0 1                                     C
0165 04 C 1 0 1                                      0
0167 05 C 1 0 1                                       8
                                    ra=-
0169 00 - 1 0 1                                  B
                                    ra=C
0171 03 C 1 0 1                                     C
0173 04 C 1 0 1                                      0
0175 05 C 1 0 1                                       8
0177 03 C 0 1 1                                     0
0179 04 C 0 1 1                                      0
0181 05 C 0 1 1                                       3
0183 06 C 0 1 1                                        4
0185 07 C 0 1 1                                         0
0187 08 C 0 1 1                                          5
0189 09 C 0 1 1                                           4
0191 0A C 0 1 1                                            4
0193 0B C 0 1 1                                             4
0195 0C C 0 1 1                                              5
                                    ra=D
0197 03 D 1 0 1                                     D
0199 03 D 0 1 1                                     F
0201 04 D 0 1 1                                      F
0203 05 D 0 1 1                                       0
0205 06 D 0 1 1                                        F
0207 07 D 0 1 1                                         F
0209 08 D 0 1 1                                          8
0211 09 D 0 1 1                                           3
0213 0A D 0 1 1                                            0
0215 0B D 0 1 1                                             4
0217 0C D 0 1 1                                              1
                                    ra=E
0219 03 E 1 0 1                                     E
0221 04 E 1 0 1                                      0
0223 05 E 1 0 1                                       8
0225 03 E 0 1 1                                     0
0227 04 E 0 1 1                                      0
0229 05 E 0 1 1                                       0
0231 06 E 0 1 1                                        0
0233 07 E 0 1 1                                         0
0235 08 E 0 1 1                                          0
0237 09 E 0 1 1                                           0
0239 0A E 0 1 1                                            0
0241 0B E 0 1 1                                             0
0243 0C E 0 1 1                                              0
                                    ra=F
0245 03 F 1 0 1                                     F
0247 03 F 0 1 1                                     F
0249 04 F 0 1 1                                      F
0251 05 F 0 1 1                                       F
0253 06 F 0 1 1                                        F
0255 07 F 0 1 1                                         F
0257 08 F 0 1 1                                          F
0259 09 F 0 1 1                                           F
0261 0A F 0 1 1                                            F
0263 0B F 0 1 1                                             F
0265 0C F 0 1 1                                              F
0267 09 F 1 0 1                                           0
                                    ra=-
0269 0A - 1 0 1                                            0
                                                 an=0
0271 0B - 1 0 1                                             0
0273 01 - 1 1 0   B
0275 02 - 1 1 0    B
0277 03 - 1 1 0     F
0279 04 - 1 1 0      F
0281 05 - 1 1 0       F
0283 06 - 1 1 0        F
0285 07 - 1 1 0         F
0287 08 - 1 1 0          F
0289 09 - 1 1 0           F
0291 0A - 1 1 0            F
0293 0B - 1 1 0             F
0295 0C - 1 1 0              F
0297 09 - 1 0 1                                           0
                                    ra=-
0299 0A - 1 0 1                                            0
                                                 an=4
0301 0B - 1 0 1                                             4
                                    ANN(01)=0
0303 01 - 1 1 0   0
                                    ANN(02)=0
0305 02 - 1 1 0    0
                                    ANN(03)=0
0307 03 - 1 1 0     0
                                    ANN(04)=0
0309 04 - 1 1 0      0
                                    ANN(05)=0
0311 05 - 1 1 0       0
                                    ANN(06)=0
0313 06 - 1 1 0        0
                                    ANN(07)=0
0315 07 - 1 1 0         0
                                    ANN(08)=0
0317 08 - 1 1 0          0
                                    ANN(09)=0
0319 09 - 1 1 0           0
                                    ANN(0A)=8
0321 0A - 1 1 0            8
                                    ANN(0B)=0
0323 0B - 1 1 0             0
                                    ANN(0C)=0
0325 0C - 1 1 0              0
                                    ra=C
0327 03 C 1 0 1                                     C
0329 04 C 1 0 1                                      0
0331 05 C 1 0 1                                       8
                                    ra=-
0333 00 - 1 0 1                                  B
                                    ra=C
0335 03 C 1 0 1                                     C
0337 04 C 1 0 1                                      0
0339 05 C 1 0 1                                       8
0341 03 C 0 1 1                                     0
0343 04 C 0 1 1                                      0
0345 05 C 0 1 1                                       3
0347 06 C 0 1 1                                        4
0349 07 C 0 1 1                                         0
0351 08 C 0 1 1                                          5
0353 09 C 0 1 1                                           4
0355 0A C 0 1 1                                            4
0357 0B C 0 1 1                                             4
0359 0C C 0 1 1                                              5
                                    ra=D
0361 03 D 1 0 1                                     D
0363 03 D 0 1 1                                     F
0365 04 D 0 1 1                                      F
0367 05 D 0 1 1                                       0
0369 06 D 0 1 1                                        F
0371 07 D 0 1 1                                         F
0373 08 D 0 1 1                                          8
0375 09 D 0 1 1                                           3
0377 0A D 0 1 1                                            0
0379 0B D 0 1 1                                             4
0381 0C D 0 1 1                                              1
                                    ra=E
0383 03 E 1 0 1                                     E
0385 04 E 1 0 1                                      0
0387 05 E 1 0 1                                       8
0389 03 E 0 1 1                                     0
0391 04 E 0 1 1                                      0
0393 05 E 0 1 1                                       0
0395 06 E 0 1 1                                        0
0397 07 E 0 1 1                                         0
0399 08 E 0 1 1                                          0
0401 09 E 0 1 1                                           0
0403 0A E 0 1 1                                            0
0405 0B E 0 1 1                                             0
0407 0C E 0 1 1                                              0
                                    ra=F
0409 03 F 1 0 1                                     F
0411 03 F 0 1 1                                     F
0413 04 F 0 1 1                                      F
0415 05 F 0 1 1                                       F
0417 06 F 0 1 1                                        F
0419 07 F 0 1 1                                         F
0421 08 F 0 1 1                                          F
0423 09 F 0 1 1                                           F
0425 0A F 0 1 1                                            F
0427 0B F 0 1 1                                             F
0429 0C F 0 1 1                                              F
0431 09 F 1 0 1                                           0
                                    ra=-
0433 0A - 1 0 1                                            0
                                                 an=0
0435 0B - 1 0 1                                             0
0437 01 - 1 1 0   B
0439 02 - 1 1 0    B
0441 03 - 1 1 0     F
0443 04 - 1 1 0      F
0445 05 - 1 1 0       F
0447 06 - 1 1 0        F
0449 07 - 1 1 0         F
0451 08 - 1 1 0          F
0453 09 - 1 1 0           F
0455 0A - 1 1 0            F
0457 0B - 1 1 0             F
0459 0C - 1 1 0              F
0461 09 - 1 0 1                                           0
                                    ra=-
0463 0A - 1 0 1                                            0
                                                 an=4
0465 0B - 1 0 1                                             4
                                    ANN(01)=0
0467 01 - 1 1 0   0
                                    ANN(02)=0
0469 02 - 1 1 0    0
                                    ANN(03)=0
0471 03 - 1 1 0     0
                                    ANN(04)=0
0473 04 - 1 1 0      0
                                    ANN(05)=0
0475 05 - 1 1 0       0
                                    ANN(06)=8
0477 06 - 1 1 0        8
                                    ANN(07)=0
0479 07 - 1 1 0         0
                                    ANN(08)=0
0481 08 - 1 1 0          0
                                    ANN(09)=0
0483 09 - 1 1 0           0
                                    ANN(0A)=8
0485 0A - 1 1 0            8
                                    ANN(0B)=0
0487 0B - 1 1 0             0
                                    ANN(0C)=0
0489 0C - 1 1 0              0
                                    ra=C
0491 03 C 1 0 1                                     C
0493 04 C 1 0 1                                      0
0495 05 C 1 0 1                                       8
                                    ra=C
0497 03 C 1 0 1                                     C
0499 04 C 1 0 1                                      0
0501 05 C 1 0 1                                       8
0503 03 C 0 1 1                                     0
0505 04 C 0 1 1                                      0
0507 05 C 0 1 1                                       3
0509 06 C 0 1 1                                        4
0511 07 C 0 1 1                                         0
0513 08 C 0 1 1                                          5
0515 09 C 0 1 1                                           4
0517 0A C 0 1 1                                            4
0519 0B C 0 1 1                                             4
0521 0C C 0 1 1                                              5
                                    ra=D
0523 03 D 1 0 1                                     D
0525 03 D 0 1 1                                     F
0527 04 D 0 1 1                                      F
0529 05 D 0 1 1                                       0
0531 06 D 0 1 1                                        F
0533 07 D 0 1 1                                         F
0535 08 D 0 1 1                                          8
0537 09 D 0 1 1                                           3
0539 0A D 0 1 1                                            0
0541 0B D 0 1 1                                             4
0543 0C D 0 1 1                                              1
                                    ra=E
0545 03 E 1 0 1                                     E
0547 04 E 1 0 1                                      0
0549 05 E 1 0 1                                       8
0551 03 E 0 1 1                                     0
0553 04 E 0 1 1                                      0
0555 05 E 0 1 1                                       0
0557 06 E 0 1 1                                        0
0559 07 E 0 1 1                                         0
0561 08 E 0 1 1                                          0
0563 09 E 0 1 1                                           0
0565 0A E 0 1 1                                            0
0567 0B E 0 1 1                                             0
0569 0C E 0 1 1                                              0
                                    ra=F
0571 03 F 1 0 1                                     F
0573 03 F 0 1 1                                     F
0575 04 F 0 1 1                                      F
0577 05 F 0 1 1                                       F
0579 06 F 0 1 1                                        F
0581 07 F 0 1 1                                         F
0583 08 F 0 1 1                                          F
0585 09 F 0 1 1                                           F
0587 0A F 0 1 1                                            F
0589 0B F 0 1 1                                             F
0591 0C F 0 1 1                                              F
0593 09 F 1 0 1                                           0
                                    ra=-
0595 0A - 1 0 1                                            0
                                                 an=0
0597 0B - 1 0 1                                             0
0599 01 - 1 1 0   A
0601 02 - 1 1 0    B
0603 03 - 1 1 0     F
0605 04 - 1 1 0      F
0607 05 - 1 1 0       F
0609 06 - 1 1 0        F
0611 07 - 1 1 0         F
0613 08 - 1 1 0          F
0615 09 - 1 1 0           F
0617 0A - 1 1 0            F
0619 0B - 1 1 0             F
0621 0C - 1 1 0              F
0623 09 - 1 0 1                                           0
                                    ra=-
0625 0A - 1 0 1                                            0
                                                 an=4
0627 0B - 1 0 1                                             4
                                    ANN(01)=0
0629 01 - 1 1 0   0
                                    ANN(02)=0
0631 02 - 1 1 0    0
                                    ANN(03)=0
0633 03 - 1 1 0     0
                                    ANN(04)=0
0635 04 - 1 1 0      0
                                    ANN(05)=0
0637 05 - 1 1 0       0
                                    ANN(06)=8
0639 06 - 1 1 0        8
                                    ANN(07)=0
0641 07 - 1 1 0         0
                                    ANN(08)=0
0643 08 - 1 1 0          0
                                    ANN(09)=0
0645 09 - 1 1 0           0
                                    ANN(0A)=8
0647 0A - 1 1 0            8
                                    ANN(0B)=0
0649 0B - 1 1 0             0
                                    ANN(0C)=0
0651 0C - 1 1 0              0
                                    ra=C
0653 03 C 1 0 1                                     C
0655 04 C 1 0 1                                      0
0657 05 C 1 0 1                                       8
                                    ra=-
0659 00 - 1 0 1                                  B
                                    ra=C
0661 03 C 1 0 1                                     C
0663 04 C 1 0 1                                      0
0665 05 C 1 0 1                                       8
0667 03 C 0 1 1                                     0
0669 04 C 0 1 1                                      0
0671 05 C 0 1 1                                       3
0673 06 C 0 1 1                                        4
0675 07 C 0 1 1                                         0
0677 08 C 0 1 1                                          5
0679 09 C 0 1 1                                           4
0681 0A C 0 1 1                                            4
0683 0B C 0 1 1                                             4
0685 0C C 0 1 1                                              5
                                    ra=D
0687 03 D 1 0 1                                     D
0689 03 D 0 1 1                                     F
0691 04 D 0 1 1                                      F
0693 05 D 0 1 1                                       0
0695 06 D 0 1 1                                        F
0697 07 D 0 1 1                                         F
0699 08 D 0 1 1                                          8
0701 09 D 0 1 1                                           3
0703 0A D 0 1 1                                            0
0705 0B D 0 1 1                                             4
0707 0C D 0 1 1                                              1
                                    ra=E
0709 03 E 1 0 1                                     E
0711 04 E 1 0 1                                      0
0713 05 E 1 0 1                                       8
0715 03 E 0 1 1                                     0
0717 04 E 0 1 1                                      0
0719 05 E 0 1 1                                       0
0721 06 E 0 1 1                                        0
0723 07 E 0 1 1                                         0
0725 08 E 0 1 1                                          0
0727 09 E 0 1 1                                           0
0729 0A E 0 1 1                                            0
0731 0B E 0 1 1                                             0
0733 0C E 0 1 1                                              0
                                    ra=F
0735 03 F 1 0 1                                     F
0737 03 F 0 1 1                                     F
0739 04 F 0 1 1                                      F
0741 05 F 0 1 1                                       F
0743 06 F 0 1 1                                        F
0745 07 F 0 1 1                                         F
0747 08 F 0 1 1                                          F
0749 09 F 0 1 1                                           F
0751 0A F 0 1 1                                            F
0753 0B F 0 1 1                                             F
0755 0C F 0 1 1                                              F
0757 09 F 1 0 1                                           0
                                    ra=-
0759 0A - 1 0 1                                            0
                                                 an=0
0761 0B - 1 0 1                                             0
0763 01 - 1 1 0   B
0765 02 - 1 1 0    B
0767 03 - 1 1 0     F
0769 04 - 1 1 0      F
0771 05 - 1 1 0       F
0773 06 - 1 1 0        F
0775 07 - 1 1 0         F
0777 08 - 1 1 0          F
0779 09 - 1 1 0           F
0781 0A - 1 1 0            F
0783 0B - 1 1 0             F
0785 0C - 1 1 0              F
0787 09 - 1 0 1                                           0
                                    ra=-
0789 0A - 1 0 1                                            0
                                                 an=4
0791 0B - 1 0 1                                             4
                                    ANN(01)=0
0793 01 - 1 1 0   0
                                    ANN(02)=0
0795 02 - 1 1 0    0
                                    ANN(03)=0
0797 03 - 1 1 0     0
                                    ANN(04)=0
0799 04 - 1 1 0      0
                                    ANN(05)=0
0801 05 - 1 1 0       0
                                    ANN(06)=8
0803 06 - 1 1 0        8
                                    ANN(07)=0
0805 07 - 1 1 0         0
                                    ANN(08)=0
0807 08 - 1 1 0          0
                                    ANN(09)=0
0809 09 - 1 1 0           0
                                    ANN(0A)=8
0811 0A - 1 1 0            8
                                    ANN(0B)=0
0813 0B - 1 1 0             0
                                    ANN(0C)=0
0815 0C - 1 1 0              0
                                    ra=C
0817 03 C 1 0 1                                     C
0819 04 C 1 0 1                                      0
0821 05 C 1 0 1                                       8
                                    ra=-
0823 00 - 1 0 1                                  B
                                    ra=C
0825 03 C 1 0 1                                     C
0827 04 C 1 0 1                                      0
0829 05 C 1 0 1                                       8
0831 03 C 0 1 1                                     0
0833 04 C 0 1 1                                      0
0835 05 C 0 1 1                                       3
0837 06 C 0 1 1                                        4
0839 07 C 0 1 1                                         0
0841 08 C 0 1 1                                          5
0843 09 C 0 1 1                                           4
0845 0A C 0 1 1                                            4
0847 0B C 0 1 1                                             4
0849 0C C 0 1 1                                              5
                                    ra=D
0851 03 D 1 0 1                                     D
0853 03 D 0 1 1                                     F
0855 04 D 0 1 1                                      F
0857 05 D 0 1 1                                       0
0859 06 D 0 1 1                                        F
0861 07 D 0 1 1                                         F
0863 08 D 0 1 1                                          8
0865 09 D 0 1 1                                           3
0867 0A D 0 1 1                                            0
0869 0B D 0 1 1                                             4
0871 0C D 0 1 1                                              1
                                    ra=E
0873 03 E 1 0 1                                     E
0875 04 E 1 0 1                                      0
0877 05 E 1 0 1                                       8
0879 03 E 0 1 1                                     0
0881 04 E 0 1 1                                      0
0883 05 E 0 1 1                                       0
0885 06 E 0 1 1                                        0
0887 07 E 0 1 1                                         0
0889 08 E 0 1 1                                          0
0891 09 E 0 1 1                                           0
0893 0A E 0 1 1                                            0
0895 0B E 0 1 1                                             0
0897 0C E 0 1 1                                              0
                                    ra=F
0899 03 F 1 0 1                                     F
0901 03 F 0 1 1                                     F
0903 04 F 0 1 1                                      F
0905 05 F 0 1 1                                       F
0907 06 F 0 1 1                                        F
0909 07 F 0 1 1                                         F
0911 08 F 0 1 1                                          F
0913 09 F 0 1 1                                           F
0915 0A F 0 1 1                                            F
0917 0B F 0 1 1                                             F
0919 0C F 0 1 1                                              F
0921 09 F 1 0 1                                           0
                                    ra=-
0923 0A - 1 0 1                                            0
                                                 an=0
0925 0B - 1 0 1                                             0
0927 01 - 1 1 0   B
0929 02 - 1 1 0    B
0931 03 - 1 1 0     F
0933 04 - 1 1 0      F
0935 05 - 1 1 0       F
0937 06 - 1 1 0        F
0939 07 - 1 1 0         F
0941 08 - 1 1 0          F
0943 09 - 1 1 0           F
0945 0A - 1 1 0            F
0947 0B - 1 1 0             F
0949 0C - 1 1 0              F
0951 09 - 1 0 1                                           0
                                    ra=-
0953 0A - 1 0 1                                            0
                                                 an=4
0955 0B - 1 0 1                                             4
                                    ANN(01)=0
0957 01 - 1 1 0   0
                                    ANN(02)=0
0959 02 - 1 1 0    0
                                    ANN(03)=0
0961 03 - 1 1 0     0
                                    ANN(04)=0
0963 04 - 1 1 0      0
                                    ANN(05)=0
0965 05 - 1 1 0       0
                                    ANN(06)=0
0967 06 - 1 1 0        0
                                    ANN(07)=0
0969 07 - 1 1 0         0
                                    ANN(08)=0
0971 08 - 1 1 0          0
                                    ANN(09)=0
0973 09 - 1 1 0           0
                                    ANN(0A)=8
0975 0A - 1 1 0            8
                                    ANN(0B)=0
0977 0B - 1 1 0             0
                                    ANN(0C)=0
0979 0C - 1 1 0              0
                                    ra=C
0981 03 C 1 0 1                                     C
0983 04 C 1 0 1                                      0
0985 05 C 1 0 1                                       8
                                    ra=C
0987 03 C 1 0 1                                     C
0989 04 C 1 0 1                                      0
0991 05 C 1 0 1                                       8
0993 03 C 0 1 1                                     0
0995 04 C 0 1 1                                      0
0997 05 C 0 1 1                                       3
0999 06 C 0 1 1                                        4
1001 07 C 0 1 1                                         0
1003 08 C 0 1 1                                          5
1005 09 C 0 1 1                                           4
1007 0A C 0 1 1                                            4
1009 0B C 0 1 1                                             4
1011 0C C 0 1 1                                              5
                                    ra=D
1013 03 D 1 0 1                                     D
1015 03 D 0 1 1                                     F
1017 04 D 0 1 1                                      F
1019 05 D 0 1 1                                       0
1021 06 D 0 1 1                                        F
1023 07 D 0 1 1                                         F
1025 08 D 0 1 1                                          8
1027 09 D 0 1 1                                           3
1029 0A D 0 1 1                                            0
1031 0B D 0 1 1                                             4
1033 0C D 0 1 1                                              1
                                    ra=E
1035 03 E 1 0 1                                     E
1037 04 E 1 0 1                                      0
1039 05 E 1 0 1                                       8
1041 03 E 0 1 1                                     0
1043 04 E 0 1 1                                      0
1045 05 E 0 1 1                                       0
1047 06 E 0 1 1                                        0
1049 07 E 0 1 1                                         0
1051 08 E 0 1 1                                          0
1053 09 E 0 1 1                                           0
1055 0A E 0 1 1                                            0
1057 0B E 0 1 1                                             0
1059 0C E 0 1 1                                              0
                                    ra=F
1061 03 F 1 0 1                                     F
1063 03 F 0 1 1                                     F
1065 04 F 0 1 1                                      F
1067 05 F 0 1 1                                       F
1069 06 F 0 1 1                                        F
1071 07 F 0 1 1                                         F
1073 08 F 0 1 1                                          F
1075 09 F 0 1 1                                           F
1077 0A F 0 1 1                                            F
1079 0B F 0 1 1                                             F
1081 0C F 0 1 1                                              F
1083 09 F 1 0 1                                           0
                                    ra=-
1085 0A - 1 0 1                                            0
                                                 an=0
1087 0B - 1 0 1                                             0
1089 01 - 1 1 0   A
1091 02 - 1 1 0    B
1093 03 - 1 1 0     F
1095 04 - 1 1 0      F
1097 05 - 1 1 0       F
1099 06 - 1 1 0        F
1101 07 - 1 1 0         F
1103 08 - 1 1 0          F
1105 09 - 1 1 0           F
1107 0A - 1 1 0            F
1109 0B - 1 1 0             F
1111 0C - 1 1 0              F
1113 09 - 1 0 1                                           0
                                    ra=-
1115 0A - 1 0 1                                            0
                                                 an=4
1117 0B - 1 0 1                                             4
                                    ANN(01)=0
1119 01 - 1 1 0   0
                                    ANN(02)=0
1121 02 - 1 1 0    0
                                    ANN(03)=0
1123 03 - 1 1 0     0
                                    ANN(04)=0
1125 04 - 1 1 0      0
                                    ANN(05)=0
1127 05 - 1 1 0       0
                                    ANN(06)=0
1129 06 - 1 1 0        0
                                    ANN(07)=0
1131 07 - 1 1 0         0
                                    ANN(08)=0
1133 08 - 1 1 0          0
                                    ANN(09)=0
1135 09 - 1 1 0           0
                                    ANN(0A)=8
1137 0A - 1 1 0            8
                                    ANN(0B)=0
1139 0B - 1 1 0             0
                                    ANN(0C)=0
1141 0C - 1 1 0              0
                                    ra=C
1143 03 C 1 0 1                                     C
1145 04 C 1 0 1                                      0
1147 05 C 1 0 1                                       8
                                    ra=-
1149 00 - 1 0 1                                  B
                                    ra=C
1151 03 C 1 0 1                                     C
1153 04 C 1 0 1                                      0
1155 05 C 1 0 1                                       8
1157 03 C 0 1 1                                     0
1159 04 C 0 1 1                                      0
1161 05 C 0 1 1                                       3
1163 06 C 0 1 1                                        4
1165 07 C 0 1 1                                         0
1167 08 C 0 1 1                                          5
1169 09 C 0 1 1                                           4
1171 0A C 0 1 1                                            4
1173 0B C 0 1 1                                             4
1175 0C C 0 1 1                                              5
                                    ra=D
1177 03 D 1 0 1                                     D
1179 03 D 0 1 1                                     F
1181 04 D 0 1 1                                      F
1183 05 D 0 1 1                                       0
1185 06 D 0 1 1                                        F
1187 07 D 0 1 1                                         F
1189 08 D 0 1 1                                          8
1191 09 D 0 1 1                                           3
1193 0A D 0 1 1                                            0
1195 0B D 0 1 1                                             4
1197 0C D 0 1 1                                              1
                                    ra=E
1199 03 E 1 0 1                                     E
1201 04 E 1 0 1                                      0
1203 05 E 1 0 1                                       8
1205 03 E 0 1 1                                     0
1207 04 E 0 1 1                                      0
1209 05 E 0 1 1                                       0
1211 06 E 0 1 1                                        0
1213 07 E 0 1 1                                         0
1215 08 E 0 1 1                                          0
1217 09 E 0 1 1                                           0
1219 0A E 0 1 1                                            0
1221 0B E 0 1 1                                             0
1223 0C E 0 1 1                                              0
                                    ra=F
1225 03 F 1 0 1                                     F
1227 03 F 0 1 1                                     F
1229 04 F 0 1 1                                      F
1231 05 F 0 1 1                                       F
1233 06 F 0 1 1                                        F
1235 07 F 0 1 1                                         F
1237 08 F 0 1 1                                          F
1239 09 F 0 1 1                                           F
1241 0A F 0 1 1                                            F
1243 0B F 0 1 1                                             F
1245 0C F 0 1 1                                              F
1247 09 F 1 0 1                                           0
                                    ra=-
1249 0A - 1 0 1                                            0
                                                 an=0
1251 0B - 1 0 1                                             0
1253 01 - 1 1 0   B
1255 02 - 1 1 0    B
1257 03 - 1 1 0     F
1259 04 - 1 1 0      F
1261 05 - 1 1 0       F
1263 06 - 1 1 0        F
1265 07 - 1 1 0         F
1267 08 - 1 1 0          F
1269 09 - 1 1 0           F
1271 0A - 1 1 0            F
1273 0B - 1 1 0             F
1275 0C - 1 1 0              F
1277 09 - 1 0 1                                           0
                                    ra=-
1279 0A - 1 0 1                                            0
                                                 an=4
1281 0B - 1 0 1                                             4
                                    ANN(01)=0
1283 01 - 1 1 0   0
                                    ANN(02)=0
1285 02 - 1 1 0    0
                                    ANN(03)=0
1287 03 - 1 1 0     0
                                    ANN(04)=0
1289 04 - 1 1 0      0
                                    ANN(05)=0
1291 05 - 1 1 0       0
                                    ANN(06)=0
1293 06 - 1 1 0        0
                                    ANN(07)=0
1295 07 - 1 1 0         0
                                    ANN(08)=0
1297 08 - 1 1 0          0
                                    ANN(09)=0
1299 09 - 1 1 0           0
                                    ANN(0A)=8
1301 0A - 1 1 0            8
                                    ANN(0B)=0
1303 0B - 1 1 0             0
                                    ANN(0C)=0
1305 0C - 1 1 0              0
                                    ra=C
1307 03 C 1 0 1                                     C
1309 04 C 1 0 1                                      0
1311 05 C 1 0 1                                       8
                                    ra=-
1313 00 - 1 0 1                                  B
                                    ra=C
1315 03 C 1 0 1                                     C
1317 04 C 1 0 1                                      0
1319 05 C 1 0 1                                       8
1321 03 C 0 1 1                                     0
1323 04 C 0 1 1                                      0
1325 05 C 0 1 1                                       3
1327 06 C 0 1 1                                        4
1329 07 C 0 1 1                                         0
1331 08 C 0 1 1                                          5
1333 09 C 0 1 1                                           4
1335 0A C 0 1 1                                            4
1337 0B C 0 1 1                                             4
1339 0C C 0 1 1                                              5
                                    ra=D
1341 03 D 1 0 1                                     D
1343 03 D 0 1 1                                     F
1345 04 D 0 1 1                                      F
1347 05 D 0 1 1                                       0
1349 06 D 0 1 1                                        F
1351 07 D 0 1 1                                         F
1353 08 D 0 1 1                                          8
1355 09 D 0 1 1                                           3
1357 0A D 0 1 1                                            0
1359 0B D 0 1 1                                             4
1361 0C D 0 1 1                                              1
                                    ra=E
1363 03 E 1 0 1                                     E
1365 04 E 1 0 1                                      0
1367 05 E 1 0 1                                       8
1369 03 E 0 1 1                                     0
1371 04 E 0 1 1                                      0
1373 05 E 0 1 1                                       0
1375 06 E 0 1 1                                        0
1377 07 E 0 1 1                                         0
1379 08 E 0 1 1                                          0
1381 09 E 0 1 1                                           0
1383 0A E 0 1 1                                            0
1385 0B E 0 1 1                                             0
1387 0C E 0 1 1                                              0
                                    ra=F
1389 03 F 1 0 1                                     F
1391 03 F 0 1 1                                     F
1393 04 F 0 1 1                                      F
1395 05 F 0 1 1                                       F
1397 06 F 0 1 1                                        F
1399 07 F 0 1 1                                         F
1401 08 F 0 1 1                                          F
1403 09 F 0 1 1                                           F
1405 0A F 0 1 1                                            F
1407 0B F 0 1 1                                             F
1409 0C F 0 1 1                                              F
1411 09 F 1 0 1                                           0
                                    ra=-
1413 0A - 1 0 1                                            0
                                                 an=0
1415 0B - 1 0 1                                             0
1417 01 - 1 1 0   B
1419 02 - 1 1 0    B
1421 03 - 1 1 0     F
1423 04 - 1 1 0      F
1425 05 - 1 1 0       F
1427 06 - 1 1 0        F
1429 07 - 1 1 0         F
1431 08 - 1 1 0          F
1433 09 - 1 1 0           F
1435 0A - 1 1 0            F
1437 0B - 1 1 0             F
1439 0C - 1 1 0              F
1441 09 - 1 0 1                                           0
                                    ra=-
1443 0A - 1 0 1                                            0
                                                 an=4
1445 0B - 1 0 1                                             4
                                    ANN(01)=0
1447 01 - 1 1 0   0
                                    ANN(02)=0
1449 02 - 1 1 0    0
                                    ANN(03)=0
1451 03 - 1 1 0     0
                                    ANN(04)=0
1453 04 - 1 1 0      0
                                    ANN(05)=0
1455 05 - 1 1 0       0
                                    ANN(06)=8
1457 06 - 1 1 0        8
                                    ANN(07)=0
1459 07 - 1 1 0         0
                                    ANN(08)=0
1461 08 - 1 1 0          0
                                    ANN(09)=0
1463 09 - 1 1 0           0
                                    ANN(0A)=8
1465 0A - 1 1 0            8
                                    ANN(0B)=0
1467 0B - 1 1 0             0
                                    ANN(0C)=0
1469 0C - 1 1 0              0
                                    ra=C
1471 03 C 1 0 1                                     C
1473 04 C 1 0 1                                      0
1475 05 C 1 0 1                                       8
                                    ra=C
1477 03 C 1 0 1                                     C
1479 04 C 1 0 1                                      0
1481 05 C 1 0 1                                       8
1483 03 C 0 1 1                                     0
1485 04 C 0 1 1                                      0
1487 05 C 0 1 1                                       3
1489 06 C 0 1 1                                        4
1491 07 C 0 1 1                                         0
1493 08 C 0 1 1                                          5
1495 09 C 0 1 1                                           4
1497 0A C 0 1 1                                            4
1499 0B C 0 1 1                                             4
1501 0C C 0 1 1                                              5
                                    ra=D
1503 03 D 1 0 1                                     D
1505 03 D 0 1 1                                     F
1507 04 D 0 1 1                                      F
1509 05 D 0 1 1                                       0
1511 06 D 0 1 1                                        F
1513 07 D 0 1 1                                         F
1515 08 D 0 1 1                                          8
1517 09 D 0 1 1                                           3
1519 0A D 0 1 1                                            0
1521 0B D 0 1 1                                             4
1523 0C D 0 1 1                                              1
                                    ra=E
1525 03 E 1 0 1                                     E
1527 04 E 1 0 1                                      0
1529 05 E 1 0 1                                       8
1531 03 E 0 1 1                                     0
1533 04 E 0 1 1                                      0
1535 05 E 0 1 1                                       0
1537 06 E 0 1 1                                        0
1539 07 E 0 1 1                                         0
1541 08 E 0 1 1                                          0
1543 09 E 0 1 1                                           0
1545 0A E 0 1 1                                            0
1547 0B E 0 1 1                                             0
1549 0C E 0 1 1                                              0
                                    ra=F
1551 03 F 1 0 1                                     F
1553 03 F 0 1 1                                     F
1555 04 F 0 1 1                                      F
1557 05 F 0 1 1                                       F
1559 06 F 0 1 1                                        F
1561 07 F 0 1 1                                         F
1563 08 F 0 1 1                                          F
1565 09 F 0 1 1                                           F
1567 0A F 0 1 1                                            F
1569 0B F 0 1 1                                             F
1571 0C F 0 1 1                                              F
1573 09 F 1 0 1                                           0
                                    ra=-
1575 0A - 1 0 1                                            0
                                                 an=0
1577 0B - 1 0 1                                             0
1579 01 - 1 1 0   A
1581 02 - 1 1 0    B
1583 03 - 1 1 0     F
1585 04 - 1 1 0      F
1587 05 - 1 1 0       F
1589 06 - 1 1 0        F
1591 07 - 1 1 0         F
1593 08 - 1 1 0          F
1595 09 - 1 1 0           F
1597 0A - 1 1 0            F
1599 0B - 1 1 0             F
1601 0C - 1 1 0              F
1603 09 - 1 0 1                                           0
                                    ra=-
1605 0A - 1 0 1                                            0
                                                 an=4
1607 0B - 1 0 1                                             4
                                    ANN(01)=0
1609 01 - 1 1 0   0
                                    ANN(02)=0
1611 02 - 1 1 0    0
                                    ANN(03)=0
1613 03 - 1 1 0     0
                                    ANN(04)=0
1615 04 - 1 1 0      0
                                    ANN(05)=0
1617 05 - 1 1 0       0
                                    ANN(06)=8
1619 06 - 1 1 0        8
                                    ANN(07)=0
1621 07 - 1 1 0         0
                                    ANN(08)=0
1623 08 - 1 1 0          0
                                    ANN(09)=0
1625 09 - 1 1 0           0
                                    ANN(0A)=8
1627 0A - 1 1 0            8
                                    ANN(0B)=0
1629 0B - 1 1 0             0
                                    ANN(0C)=0
1631 0C - 1 1 0              0
                                    ra=C
1633 03 C 1 0 1                                     C
1635 04 C 1 0 1                                      0
1637 05 C 1 0 1                                       8
                                    ra=-
1639 00 - 1 0 1                                  B
                                    ra=C
1641 03 C 1 0 1                                     C
1643 04 C 1 0 1                                      0
1645 05 C 1 0 1                                       8
1647 03 C 0 1 1                                     0
1649 04 C 0 1 1                                      0
1651 05 C 0 1 1                                       3
1653 06 C 0 1 1                                        4
1655 07 C 0 1 1                                         0
1657 08 C 0 1 1                                          5
1659 09 C 0 1 1                                           4
1661 0A C 0 1 1                                            4
1663 0B C 0 1 1                                             4
1665 0C C 0 1 1                                              5
                                    ra=D
1667 03 D 1 0 1                                     D
1669 03 D 0 1 1                                     F
1671 04 D 0 1 1                                      F
1673 05 D 0 1 1                                       0
1675 06 D 0 1 1                                        F
1677 07 D 0 1 1                                         F
1679 08 D 0 1 1                                          8
1681 09 D 0 1 1                                           3
1683 0A D 0 1 1                                            0
1685 0B D 0 1 1                                             4
1687 0C D 0 1 1                                              1
                                    ra=E
1689 03 E 1 0 1                                     E
1691 04 E 1 0 1                                      0
1693 05 E 1 0 1                                       8
1695 03 E 0 1 1                                     0
1697 04 E 0 1 1                                      0
1699 05 E 0 1 1                                       0
1701 06 E 0 1 1                                        0
1703 07 E 0 1 1                                         0
1705 08 E 0 1 1                                          0
1707 09 E 0 1 1                                           0
1709 0A E 0 1 1                                            0
1711 0B E 0 1 1                                             0
1713 0C E 0 1 1                                              0
                                    ra=F
1715 03 F 1 0 1                                     F
1717 03 F 0 1 1                                     F
1719 04 F 0 1 1                                      F
1721 05 F 0 1 1                                       F
1723 06 F 0 1 1                                        F
1725 07 F 0 1 1                                         F
1727 08 F 0 1 1                                          F
1729 09 F 0 1 1                                           F
1731 0A F 0 1 1                                            F
1733 0B F 0 1 1                                             F
1735 0C F 0 1 1                                              F
1737 09 F 1 0 1                                           0
                                    ra=-
1739 0A - 1 0 1                                            0
                                                 an=0
1741 0B - 1 0 1                                             0
1743 01 - 1 1 0   B
1745 02 - 1 1 0    B
1747 03 - 1 1 0     F
1749 04 - 1 1 0      F
1751 05 - 1 1 0       F
1753 06 - 1 1 0        F
1755 07 - 1 1 0         F
1757 08 - 1 1 0          F
1759 09 - 1 1 0           F
1761 0A - 1 1 0            F
1763 0B - 1 1 0             F
1765 0C - 1 1 0              F
1767 09 - 1 0 1                                           0
                                    ra=-
1769 0A - 1 0 1                                            0
                                                 an=4
1771 0B - 1 0 1                                             4
                                    ANN(01)=0
1773 01 - 1 1 0   0
                                    ANN(02)=0
1775 02 - 1 1 0    0
                                    ANN(03)=0
1777 03 - 1 1 0     0
                                    ANN(04)=0
1779 04 - 1 1 0      0
                                    ANN(05)=0
1781 05 - 1 1 0       0
                                    ANN(06)=8
1783 06 - 1 1 0        8
                                    ANN(07)=0
1785 07 - 1 1 0         0
                                    ANN(08)=0
1787 08 - 1 1 0          0
                                    ANN(09)=0
1789 09 - 1 1 0           0
                                    ANN(0A)=8
1791 0A - 1 1 0            8
                                    ANN(0B)=0
1793 0B - 1 1 0             0
                                    ANN(0C)=0
1795 0C - 1 1 0              0
                                    ra=C
1797 03 C 1 0 1                                     C
1799 04 C 1 0 1                                      0
1801 05 C 1 0 1                                       8
                                    ra=-
1803 00 - 1 0 1                                  B
                                    ra=C
1805 03 C 1 0 1                                     C
1807 04 C 1 0 1                                      0
1809 05 C 1 0 1                                       8
1811 03 C 0 1 1                                     0
1813 04 C 0 1 1                                      0
1815 05 C 0 1 1                                       3
1817 06 C 0 1 1                                        4
1819 07 C 0 1 1                                         0
1821 08 C 0 1 1                                          5
1823 09 C 0 1 1                                           4
1825 0A C 0 1 1                                            4
1827 0B C 0 1 1                                             4
1829 0C C 0 1 1                                              5
                                    ra=D
1831 03 D 1 0 1                                     D
1833 03 D 0 1 1                                     F
1835 04 D 0 1 1                                      F
1837 05 D 0 1 1                                       0
1839 06 D 0 1 1                                        F
1841 07 D 0 1 1                                         F
1843 08 D 0 1 1                                          8
1845 09 D 0 1 1                                           3
1847 0A D 0 1 1                                            0
1849 0B D 0 1 1                                             4
1851 0C D 0 1 1                                              1
                                    ra=E
1853 03 E 1 0 1                                     E
1855 04 E 1 0 1                                      0
1857 05 E 1 0 1                                       8
1859 03 E 0 1 1                                     0
1861 04 E 0 1 1                                      0
1863 05 E 0 1 1                                       0
1865 06 E 0 1 1                                        0
1867 07 E 0 1 1                                         0
1869 08 E 0 1 1                                          0
1871 09 E 0 1 1                                           0
1873 0A E 0 1 1                                            0
1875 0B E 0 1 1                                             0
1877 0C E 0 1 1                                              0
                                    ra=F
1879 03 F 1 0 1                                     F
1881 03 F 0 1 1                                     F
1883 04 F 0 1 1                                      F
1885 05 F 0 1 1                                       F
1887 06 F 0 1 1                                        F
1889 07 F 0 1 1                                         F
1891 08 F 0 1 1                                          F
1893 09 F 0 1 1                                           F
1895 0A F 0 1 1                                            F
1897 0B F 0 1 1                                             F
1899 0C F 0 1 1                                              F
1901 09 F 1 0 1                                           0
                                    ra=-
1903 0A - 1 0 1                                            0
                                                 an=0
1905 0B - 1 0 1                                             0
1907 01 - 1 1 0   B
1909 02 - 1 1 0    B
1911 03 - 1 1 0     F
1913 04 - 1 1 0      F
1915 05 - 1 1 0       F
1917 06 - 1 1 0        F
1919 07 - 1 1 0         F
1921 08 - 1 1 0          F
1923 09 - 1 1 0           F
1925 0A - 1 1 0            F
1927 0B - 1 1 0             F
1929 0C - 1 1 0              F
1931 09 - 1 0 1                                           0
                                    ra=-
1933 0A - 1 0 1                                            0
                                                 an=4
1935 0B - 1 0 1                                             4
                                    ANN(01)=0
1937 01 - 1 1 0   0
                                    ANN(02)=0
1939 02 - 1 1 0    0
                                    ANN(03)=0
1941 03 - 1 1 0     0
                                    ANN(04)=0
1943 04 - 1 1 0      0
                                    ANN(05)=0
1945 05 - 1 1 0       0
                                    ANN(06)=0
1947 06 - 1 1 0        0
                                    ANN(07)=0
1949 07 - 1 1 0         0
                                    ANN(08)=0
1951 08 - 1 1 0          0
                                    ANN(09)=0
1953 09 - 1 1 0           0
                                    ANN(0A)=8
1955 0A - 1 1 0            8
                                    ANN(0B)=0
1957 0B - 1 1 0             0
1959 7F - 0 0 0                                                                                                                                 F
1961 7F - 0 0 0                                                                                                                                 F
1963 7F - 0 0 0                                                                                                                                 F
1965 7F - 0 0 0                                                                                                                                 F
1967 7F - 0 0 0                                                                                                                                 F
1969 7F - 0 0 0                                                                                                                                 F
