a,b = C, D
a,b = E, F
01 F - 1 10111111 0                 1
0001 01 - 1 0 1                                   C
0003 02 - 1 0 1                                    0
                                    ra=3
0005 03 3 1 0 1                                     3
0007 00 3 1 1 0  0
0009 01 3 1 1 0   C
0011 02 3 1 1 0    0
0013 03 3 1 1 0     3
0015 01 3 1 0 1                                   C
0017 02 3 1 0 1                                    0
                                    ra=0
0019 03 0 1 0 1                                     0
0021 01 0 1 1 0   0
0023 02 0 1 1 0    0
0025 03 0 1 1 0     0
0027 04 0 1 1 0      0
0029 05 0 1 1 0       0
0031 06 0 1 1 0        0
0033 07 0 1 1 0         0
0035 08 0 1 1 0          0
0037 09 0 1 1 0           0
0039 0A 0 1 1 0            0
0041 0B 0 1 1 0             0
0043 0C 0 1 1 0              0
0045 01 0 1 0 1                                   C
0047 02 0 1 0 1                                    0
                                    ra=4
0049 03 4 1 0 1                                     4
0051 01 4 1 1 0   0
0053 02 4 1 1 0    0
0055 03 4 1 1 0     0
0057 04 4 1 1 0      0
0059 05 4 1 1 0       0
0061 06 4 1 1 0        0
0063 07 4 1 1 0         0
0065 08 4 1 1 0          0
0067 09 4 1 1 0           0
0069 0A 4 1 1 0            0
0071 0B 4 1 1 0             0
0073 0C 4 1 1 0              0
                                    ra=-
0075 00 - 1 0 1                                  0
                                    ra=0
0077 03 0 1 0 1                                     0
0079 04 0 1 0 1                                      0
0081 05 0 1 0 1                                       8
0083 07 0 1 1 0         F
                                    ra=-
0085 00 - 1 0 1                                  8
0087 00 - 1 1 0  0
0089 05 - 1 1 0       F
0091 0B - 1 1 0             F
                                    ra=0
0093 03 0 1 0 1                                     0
0095 04 0 1 0 1                                      0
0097 05 0 1 0 1                                       9
0099 0F 0 1 1 0                 F
                                    ra=4
0101 03 4 1 0 1                                     4
0103 04 4 1 0 1                                      0
0105 05 4 1 0 1                                       8
                                    ra=C
0107 03 C 1 0 1                                     C
0109 03 C 1 1 0     0
0111 04 C 1 1 0      0
0113 05 C 1 1 0       0
0115 06 C 1 1 0        0
0117 07 C 1 1 0         0
0119 08 C 1 1 0          0
0121 09 C 1 1 0           0
0123 0A C 1 1 0            0
0125 0B C 1 1 0             0
0127 0C C 1 1 0              0
                                    ra=D
0129 03 D 1 0 1                                     D
0131 03 D 1 1 0     F
0133 04 D 1 1 0      F
0135 05 D 1 1 0       F
0137 06 D 1 1 0        F
0139 07 D 1 1 0         F
0141 08 D 1 1 0          F
0143 09 D 1 1 0           F
0145 0A D 1 1 0            F
0147 0B D 1 1 0             F
0149 0C D 1 1 0              F
                                    ra=E
0151 03 E 1 0 1                                     E
0153 03 E 1 1 0     0
0155 04 E 1 1 0      0
0157 05 E 1 1 0       0
0159 06 E 1 1 0        0
0161 07 E 1 1 0         0
0163 08 E 1 1 0          0
0165 09 E 1 1 0           0
0167 0A E 1 1 0            0
0169 0B E 1 1 0             0
0171 0C E 1 1 0              0
                                    ra=F
0173 03 F 1 0 1                                     F
0175 03 F 1 1 0     F
0177 04 F 1 1 0      F
0179 05 F 1 1 0       F
0181 06 F 1 1 0        F
0183 07 F 1 1 0         F
0185 08 F 1 1 0          F
0187 09 F 1 1 0           F
0189 0A F 1 1 0            F
0191 0B F 1 1 0             F
0193 0C F 1 1 0              F
                                    ra=C
0195 03 C 1 0 1                                     C
0197 04 C 1 0 1                                      0
0199 05 C 1 0 1                                       8
                                    ra=C
0201 03 C 1 0 1                                     C
0203 04 C 1 0 1                                      0
0205 05 C 1 0 1                                       8
0207 03 C 0 1 1                                     0
0209 04 C 0 1 1                                      0
0211 05 C 0 1 1                                       0
0213 06 C 0 1 1                                        0
0215 07 C 0 1 1                                         0
0217 08 C 0 1 1                                          0
0219 09 C 0 1 1                                           0
0221 0A C 0 1 1                                            0
0223 0B C 0 1 1                                             0
0225 0C C 0 1 1                                              0
                                    ra=D
0227 03 D 1 0 1                                     D
0229 03 D 0 1 1                                     F
0231 04 D 0 1 1                                      F
0233 05 D 0 1 1                                       F
0235 06 D 0 1 1                                        F
0237 07 D 0 1 1                                         F
0239 08 D 0 1 1                                          F
0241 09 D 0 1 1                                           F
0243 0A D 0 1 1                                            F
0245 0B D 0 1 1                                             F
0247 0C D 0 1 1                                              F
                                    ra=E
0249 03 E 1 0 1                                     E
0251 04 E 1 0 1                                      0
0253 05 E 1 0 1                                       8
0255 03 E 0 1 1                                     0
0257 04 E 0 1 1                                      0
0259 05 E 0 1 1                                       0
0261 06 E 0 1 1                                        0
0263 07 E 0 1 1                                         0
0265 08 E 0 1 1                                          0
0267 09 E 0 1 1                                           0
0269 0A E 0 1 1                                            0
0271 0B E 0 1 1                                             0
0273 0C E 0 1 1                                              0
                                    ra=F
0275 03 F 1 0 1                                     F
0277 03 F 0 1 1                                     F
0279 04 F 0 1 1                                      F
0281 05 F 0 1 1                                       F
0283 06 F 0 1 1                                        F
0285 07 F 0 1 1                                         F
0287 08 F 0 1 1                                          F
0289 09 F 0 1 1                                           F
0291 0A F 0 1 1                                            F
0293 0B F 0 1 1                                             F
0295 0C F 0 1 1                                              F
0297 09 F 1 0 1                                           0
                                    ra=-
0299 0A - 1 0 1                                            0
                                                 an=0
0301 0B - 1 0 1                                             0
0303 03 - 1 1 0     F
0305 04 - 1 1 0      F
0307 05 - 1 1 0       F
0309 06 - 1 1 0        F
0311 07 - 1 1 0         F
0313 08 - 1 1 0          F
0315 09 - 1 1 0           F
0317 0A - 1 1 0            F
0319 0B - 1 1 0             F
0321 0C - 1 1 0              F
0323 09 - 1 0 1                                           0
                                    ra=-
0325 0A - 1 0 1                                            0
                                                 an=4
0327 0B - 1 0 1                                             4
                                    ANN(01)=0
0329 01 - 1 1 0   0
                                    ANN(02)=0
0331 02 - 1 1 0    0
                                    ANN(03)=0
0333 03 - 1 1 0     0
                                    ANN(04)=0
0335 04 - 1 1 0      0
                                    ANN(05)=0
0337 05 - 1 1 0       0
                                    ANN(06)=0
0339 06 - 1 1 0        0
                                    ANN(07)=0
0341 07 - 1 1 0         0
                                    ANN(08)=0
0343 08 - 1 1 0          0
                                    ANN(09)=0
0345 09 - 1 1 0           0
                                    ANN(0A)=8
0347 0A - 1 1 0            8
                                    ANN(0B)=0
0349 0B - 1 1 0             0
                                    ANN(0C)=0
0351 0C - 1 1 0              0
                                    ra=D
0353 03 D 1 0 1                                     D
0355 04 D 1 0 1                                      0
0357 05 D 1 0 1                                       8
                                    ra=C
0359 03 C 1 0 1                                     C
0361 03 C 0 1 1                                     0
0363 04 C 0 1 1                                      0
0365 05 C 0 1 1                                       0
0367 06 C 0 1 1                                        0
0369 07 C 0 1 1                                         0
0371 08 C 0 1 1                                          0
0373 09 C 0 1 1                                           0
0375 0A C 0 1 1                                            0
0377 0B C 0 1 1                                             0
0379 0C C 0 1 1                                              0
                                    ra=D
0381 03 D 1 0 1                                     D
0383 03 D 0 1 1                                     F
0385 04 D 0 1 1                                      F
0387 05 D 0 1 1                                       F
0389 06 D 0 1 1                                        F
0391 07 D 0 1 1                                         F
0393 08 D 0 1 1                                          F
0395 09 D 0 1 1                                           F
0397 0A D 0 1 1                                            F
0399 0B D 0 1 1                                             F
0401 0C D 0 1 1                                              F
0403 03 D 1 1 0     F
0405 04 D 1 1 0      F
0407 05 D 1 1 0       F
0409 06 D 1 1 0        F
0411 07 D 1 1 0         F
0413 08 D 1 1 0          F
0415 09 D 1 1 0           F
0417 0A D 1 1 0            F
0419 0B D 1 1 0             F
0421 0C D 1 1 0              1
                                    ra=C
0423 03 C 1 0 1                                     C
0425 03 C 1 1 0     0
0427 04 C 1 1 0      0
0429 05 C 1 1 0       0
0431 06 C 1 1 0        0
0433 07 C 1 1 0         0
0435 08 C 1 1 0          0
0437 09 C 1 1 0           0
0439 0A C 1 1 0            0
0441 0B C 1 1 0             0
0443 0C C 1 1 0              5
                                    ra=C
0445 03 C 1 0 1                                     C
0447 04 C 1 0 1                                      0
0449 05 C 1 0 1                                       8
                                    ra=C
0451 03 C 1 0 1                                     C
0453 04 C 1 0 1                                      0
0455 05 C 1 0 1                                       8
0457 03 C 0 1 1                                     0
0459 04 C 0 1 1                                      0
0461 05 C 0 1 1                                       0
0463 06 C 0 1 1                                        0
0465 07 C 0 1 1                                         0
0467 08 C 0 1 1                                          0
0469 09 C 0 1 1                                           0
0471 0A C 0 1 1                                            0
0473 0B C 0 1 1                                             0
0475 0C C 0 1 1                                              5
                                    ra=D
0477 03 D 1 0 1                                     D
0479 03 D 0 1 1                                     F
0481 04 D 0 1 1                                      F
0483 05 D 0 1 1                                       F
0485 06 D 0 1 1                                        F
0487 07 D 0 1 1                                         F
0489 08 D 0 1 1                                          F
0491 09 D 0 1 1                                           F
0493 0A D 0 1 1                                            F
0495 0B D 0 1 1                                             F
0497 0C D 0 1 1                                              1
                                    ra=E
0499 03 E 1 0 1                                     E
0501 04 E 1 0 1                                      0
0503 05 E 1 0 1                                       8
0505 03 E 0 1 1                                     0
0507 04 E 0 1 1                                      0
0509 05 E 0 1 1                                       0
0511 06 E 0 1 1                                        0
0513 07 E 0 1 1                                         0
0515 08 E 0 1 1                                          0
0517 09 E 0 1 1                                           0
0519 0A E 0 1 1                                            0
0521 0B E 0 1 1                                             0
0523 0C E 0 1 1                                              0
                                    ra=F
0525 03 F 1 0 1                                     F
0527 03 F 0 1 1                                     F
0529 04 F 0 1 1                                      F
0531 05 F 0 1 1                                       F
0533 06 F 0 1 1                                        F
0535 07 F 0 1 1                                         F
0537 08 F 0 1 1                                          F
0539 09 F 0 1 1                                           F
0541 0A F 0 1 1                                            F
0543 0B F 0 1 1                                             F
0545 0C F 0 1 1                                              F
0547 09 F 1 0 1                                           0
                                    ra=-
0549 0A - 1 0 1                                            0
                                                 an=0
0551 0B - 1 0 1                                             0
0553 03 - 1 1 0     F
0555 04 - 1 1 0      F
0557 05 - 1 1 0       F
0559 06 - 1 1 0        F
0561 07 - 1 1 0         F
0563 08 - 1 1 0          F
0565 09 - 1 1 0           F
0567 0A - 1 1 0            F
0569 0B - 1 1 0             F
0571 0C - 1 1 0              F
0573 09 - 1 0 1                                           0
                                    ra=-
0575 0A - 1 0 1                                            0
                                                 an=4
0577 0B - 1 0 1                                             4
                                    ANN(01)=0
0579 01 - 1 1 0   0
                                    ANN(02)=0
0581 02 - 1 1 0    0
                                    ANN(03)=0
0583 03 - 1 1 0     0
                                    ANN(04)=0
0585 04 - 1 1 0      0
                                    ANN(05)=0
0587 05 - 1 1 0       0
                                    ANN(06)=0
0589 06 - 1 1 0        0
                                    ANN(07)=0
0591 07 - 1 1 0         0
                                    ANN(08)=0
0593 08 - 1 1 0          0
                                    ANN(09)=0
0595 09 - 1 1 0           0
                                    ANN(0A)=8
0597 0A - 1 1 0            8
                                    ANN(0B)=0
0599 0B - 1 1 0             0
                                    ANN(0C)=0
0601 0C - 1 1 0              0
                                    ra=D
0603 03 D 1 0 1                                     D
0605 04 D 1 0 1                                      0
0607 05 D 1 0 1                                       8
                                    ra=C
0609 03 C 1 0 1                                     C
0611 03 C 0 1 1                                     0
0613 04 C 0 1 1                                      0
0615 05 C 0 1 1                                       0
0617 06 C 0 1 1                                        0
0619 07 C 0 1 1                                         0
0621 08 C 0 1 1                                          0
0623 09 C 0 1 1                                           0
0625 0A C 0 1 1                                            0
0627 0B C 0 1 1                                             0
0629 0C C 0 1 1                                              5
                                    ra=D
0631 03 D 1 0 1                                     D
0633 03 D 0 1 1                                     F
0635 04 D 0 1 1                                      F
0637 05 D 0 1 1                                       F
0639 06 D 0 1 1                                        F
0641 07 D 0 1 1                                         F
0643 08 D 0 1 1                                          F
0645 09 D 0 1 1                                           F
0647 0A D 0 1 1                                            F
0649 0B D 0 1 1                                             F
0651 0C D 0 1 1                                              1
0653 03 D 1 1 0     F
0655 04 D 1 1 0      F
0657 05 D 1 1 0       F
0659 06 D 1 1 0        F
0661 07 D 1 1 0         F
0663 08 D 1 1 0          F
0665 09 D 1 1 0           F
0667 0A D 1 1 0            F
0669 0B D 1 1 0             4
0671 0C D 1 1 0              1
                                    ra=C
0673 03 C 1 0 1                                     C
0675 03 C 1 1 0     0
0677 04 C 1 1 0      0
0679 05 C 1 1 0       0
0681 06 C 1 1 0        0
0683 07 C 1 1 0         0
0685 08 C 1 1 0          0
0687 09 C 1 1 0           0
0689 0A C 1 1 0            0
0691 0B C 1 1 0             4
0693 0C C 1 1 0              5
                                    ra=C
0695 03 C 1 0 1                                     C
0697 04 C 1 0 1                                      0
0699 05 C 1 0 1                                       8
                                    ra=C
0701 03 C 1 0 1                                     C
0703 04 C 1 0 1                                      0
0705 05 C 1 0 1                                       8
0707 03 C 0 1 1                                     0
0709 04 C 0 1 1                                      0
0711 05 C 0 1 1                                       0
0713 06 C 0 1 1                                        0
0715 07 C 0 1 1                                         0
0717 08 C 0 1 1                                          0
0719 09 C 0 1 1                                           0
0721 0A C 0 1 1                                            0
0723 0B C 0 1 1                                             4
0725 0C C 0 1 1                                              5
                                    ra=D
0727 03 D 1 0 1                                     D
0729 03 D 0 1 1                                     F
0731 04 D 0 1 1                                      F
0733 05 D 0 1 1                                       F
0735 06 D 0 1 1                                        F
0737 07 D 0 1 1                                         F
0739 08 D 0 1 1                                          F
0741 09 D 0 1 1                                           F
0743 0A D 0 1 1                                            F
0745 0B D 0 1 1                                             4
0747 0C D 0 1 1                                              1
                                    ra=E
0749 03 E 1 0 1                                     E
0751 04 E 1 0 1                                      0
0753 05 E 1 0 1                                       8
0755 03 E 0 1 1                                     0
0757 04 E 0 1 1                                      0
0759 05 E 0 1 1                                       0
0761 06 E 0 1 1                                        0
0763 07 E 0 1 1                                         0
0765 08 E 0 1 1                                          0
0767 09 E 0 1 1                                           0
0769 0A E 0 1 1                                            0
0771 0B E 0 1 1                                             0
0773 0C E 0 1 1                                              0
                                    ra=F
0775 03 F 1 0 1                                     F
0777 03 F 0 1 1                                     F
0779 04 F 0 1 1                                      F
0781 05 F 0 1 1                                       F
0783 06 F 0 1 1                                        F
0785 07 F 0 1 1                                         F
0787 08 F 0 1 1                                          F
0789 09 F 0 1 1                                           F
0791 0A F 0 1 1                                            F
0793 0B F 0 1 1                                             F
0795 0C F 0 1 1                                              F
0797 09 F 1 0 1                                           0
                                    ra=-
0799 0A - 1 0 1                                            0
                                                 an=0
0801 0B - 1 0 1                                             0
0803 03 - 1 1 0     F
0805 04 - 1 1 0      F
0807 05 - 1 1 0       F
0809 06 - 1 1 0        F
0811 07 - 1 1 0         F
0813 08 - 1 1 0          F
0815 09 - 1 1 0           F
0817 0A - 1 1 0            F
0819 0B - 1 1 0             F
0821 0C - 1 1 0              F
0823 09 - 1 0 1                                           0
                                    ra=-
0825 0A - 1 0 1                                            0
                                                 an=4
0827 0B - 1 0 1                                             4
                                    ANN(01)=0
0829 01 - 1 1 0   0
                                    ANN(02)=0
0831 02 - 1 1 0    0
                                    ANN(03)=0
0833 03 - 1 1 0     0
                                    ANN(04)=0
0835 04 - 1 1 0      0
                                    ANN(05)=0
0837 05 - 1 1 0       0
                                    ANN(06)=0
0839 06 - 1 1 0        0
                                    ANN(07)=0
0841 07 - 1 1 0         0
                                    ANN(08)=0
0843 08 - 1 1 0          0
                                    ANN(09)=0
0845 09 - 1 1 0           0
                                    ANN(0A)=8
0847 0A - 1 1 0            8
                                    ANN(0B)=0
0849 0B - 1 1 0             0
                                    ANN(0C)=0
0851 0C - 1 1 0              0
                                    ra=D
0853 03 D 1 0 1                                     D
0855 04 D 1 0 1                                      0
0857 05 D 1 0 1                                       8
                                    ra=C
0859 03 C 1 0 1                                     C
0861 03 C 0 1 1                                     0
0863 04 C 0 1 1                                      0
0865 05 C 0 1 1                                       0
0867 06 C 0 1 1                                        0
0869 07 C 0 1 1                                         0
0871 08 C 0 1 1                                          0
0873 09 C 0 1 1                                           0
0875 0A C 0 1 1                                            0
0877 0B C 0 1 1                                             4
0879 0C C 0 1 1                                              5
                                    ra=D
0881 03 D 1 0 1                                     D
0883 03 D 0 1 1                                     F
0885 04 D 0 1 1                                      F
0887 05 D 0 1 1                                       F
0889 06 D 0 1 1                                        F
0891 07 D 0 1 1                                         F
0893 08 D 0 1 1                                          F
0895 09 D 0 1 1                                           F
0897 0A D 0 1 1                                            F
0899 0B D 0 1 1                                             4
0901 0C D 0 1 1                                              1
0903 03 D 1 1 0     F
0905 04 D 1 1 0      F
0907 05 D 1 1 0       F
0909 06 D 1 1 0        F
0911 07 D 1 1 0         F
0913 08 D 1 1 0          F
0915 09 D 1 1 0           F
0917 0A D 1 1 0            0
0919 0B D 1 1 0             4
0921 0C D 1 1 0              1
                                    ra=C
0923 03 C 1 0 1                                     C
0925 03 C 1 1 0     0
0927 04 C 1 1 0      0
0929 05 C 1 1 0       0
0931 06 C 1 1 0        0
0933 07 C 1 1 0         0
0935 08 C 1 1 0          0
0937 09 C 1 1 0           0
0939 0A C 1 1 0            4
0941 0B C 1 1 0             4
0943 0C C 1 1 0              5
                                    ra=C
0945 03 C 1 0 1                                     C
0947 04 C 1 0 1                                      0
0949 05 C 1 0 1                                       8
                                    ra=C
0951 03 C 1 0 1                                     C
0953 04 C 1 0 1                                      0
0955 05 C 1 0 1                                       8
0957 03 C 0 1 1                                     0
0959 04 C 0 1 1                                      0
0961 05 C 0 1 1                                       0
0963 06 C 0 1 1                                        0
0965 07 C 0 1 1                                         0
0967 08 C 0 1 1                                          0
0969 09 C 0 1 1                                           0
0971 0A C 0 1 1                                            4
0973 0B C 0 1 1                                             4
0975 0C C 0 1 1                                              5
                                    ra=D
0977 03 D 1 0 1                                     D
0979 03 D 0 1 1                                     F
0981 04 D 0 1 1                                      F
0983 05 D 0 1 1                                       F
0985 06 D 0 1 1                                        F
0987 07 D 0 1 1                                         F
0989 08 D 0 1 1                                          F
0991 09 D 0 1 1                                           F
0993 0A D 0 1 1                                            0
0995 0B D 0 1 1                                             4
0997 0C D 0 1 1                                              1
                                    ra=E
0999 03 E 1 0 1                                     E
1001 04 E 1 0 1                                      0
1003 05 E 1 0 1                                       8
1005 03 E 0 1 1                                     0
1007 04 E 0 1 1                                      0
1009 05 E 0 1 1                                       0
1011 06 E 0 1 1                                        0
1013 07 E 0 1 1                                         0
1015 08 E 0 1 1                                          0
1017 09 E 0 1 1                                           0
1019 0A E 0 1 1                                            0
1021 0B E 0 1 1                                             0
1023 0C E 0 1 1                                              0
                                    ra=F
1025 03 F 1 0 1                                     F
1027 03 F 0 1 1                                     F
1029 04 F 0 1 1                                      F
1031 05 F 0 1 1                                       F
1033 06 F 0 1 1                                        F
1035 07 F 0 1 1                                         F
1037 08 F 0 1 1                                          F
1039 09 F 0 1 1                                           F
1041 0A F 0 1 1                                            F
1043 0B F 0 1 1                                             F
1045 0C F 0 1 1                                              F
1047 09 F 1 0 1                                           0
                                    ra=-
1049 0A - 1 0 1                                            0
                                                 an=0
1051 0B - 1 0 1                                             0
1053 03 - 1 1 0     F
1055 04 - 1 1 0      F
1057 05 - 1 1 0       F
1059 06 - 1 1 0        F
1061 07 - 1 1 0         F
1063 08 - 1 1 0          F
1065 09 - 1 1 0           F
1067 0A - 1 1 0            F
1069 0B - 1 1 0             F
1071 0C - 1 1 0              F
1073 09 - 1 0 1                                           0
                                    ra=-
1075 0A - 1 0 1                                            0
                                                 an=4
1077 0B - 1 0 1                                             4
                                    ANN(01)=0
1079 01 - 1 1 0   0
                                    ANN(02)=0
1081 02 - 1 1 0    0
                                    ANN(03)=0
1083 03 - 1 1 0     0
                                    ANN(04)=0
1085 04 - 1 1 0      0
                                    ANN(05)=0
1087 05 - 1 1 0       0
                                    ANN(06)=0
1089 06 - 1 1 0        0
                                    ANN(07)=0
1091 07 - 1 1 0         0
                                    ANN(08)=0
1093 08 - 1 1 0          0
                                    ANN(09)=0
1095 09 - 1 1 0           0
                                    ANN(0A)=8
1097 0A - 1 1 0            8
                                    ANN(0B)=0
1099 0B - 1 1 0             0
                                    ANN(0C)=0
1101 0C - 1 1 0              0
                                    ra=D
1103 03 D 1 0 1                                     D
1105 04 D 1 0 1                                      0
1107 05 D 1 0 1                                       8
                                    ra=C
1109 03 C 1 0 1                                     C
1111 03 C 0 1 1                                     0
1113 04 C 0 1 1                                      0
1115 05 C 0 1 1                                       0
1117 06 C 0 1 1                                        0
1119 07 C 0 1 1                                         0
1121 08 C 0 1 1                                          0
1123 09 C 0 1 1                                           0
1125 0A C 0 1 1                                            4
1127 0B C 0 1 1                                             4
1129 0C C 0 1 1                                              5
                                    ra=D
1131 03 D 1 0 1                                     D
1133 03 D 0 1 1                                     F
1135 04 D 0 1 1                                      F
1137 05 D 0 1 1                                       F
1139 06 D 0 1 1                                        F
1141 07 D 0 1 1                                         F
1143 08 D 0 1 1                                          F
1145 09 D 0 1 1                                           F
1147 0A D 0 1 1                                            0
1149 0B D 0 1 1                                             4
1151 0C D 0 1 1                                              1
1153 03 D 1 1 0     F
1155 04 D 1 1 0      F
1157 05 D 1 1 0       F
1159 06 D 1 1 0        F
1161 07 D 1 1 0         F
1163 08 D 1 1 0          F
1165 09 D 1 1 0           3
1167 0A D 1 1 0            0
1169 0B D 1 1 0             4
1171 0C D 1 1 0              1
                                    ra=C
1173 03 C 1 0 1                                     C
1175 03 C 1 1 0     0
1177 04 C 1 1 0      0
1179 05 C 1 1 0       0
1181 06 C 1 1 0        0
1183 07 C 1 1 0         0
1185 08 C 1 1 0          0
1187 09 C 1 1 0           4
1189 0A C 1 1 0            4
1191 0B C 1 1 0             4
1193 0C C 1 1 0              5
                                    ra=C
1195 03 C 1 0 1                                     C
1197 04 C 1 0 1                                      0
1199 05 C 1 0 1                                       8
                                    ra=C
1201 03 C 1 0 1                                     C
1203 04 C 1 0 1                                      0
1205 05 C 1 0 1                                       8
1207 03 C 0 1 1                                     0
1209 04 C 0 1 1                                      0
1211 05 C 0 1 1                                       0
1213 06 C 0 1 1                                        0
1215 07 C 0 1 1                                         0
1217 08 C 0 1 1                                          0
1219 09 C 0 1 1                                           4
1221 0A C 0 1 1                                            4
1223 0B C 0 1 1                                             4
1225 0C C 0 1 1                                              5
                                    ra=D
1227 03 D 1 0 1                                     D
1229 03 D 0 1 1                                     F
1231 04 D 0 1 1                                      F
1233 05 D 0 1 1                                       F
1235 06 D 0 1 1                                        F
1237 07 D 0 1 1                                         F
1239 08 D 0 1 1                                          F
1241 09 D 0 1 1                                           3
1243 0A D 0 1 1                                            0
1245 0B D 0 1 1                                             4
1247 0C D 0 1 1                                              1
                                    ra=E
1249 03 E 1 0 1                                     E
1251 04 E 1 0 1                                      0
1253 05 E 1 0 1                                       8
1255 03 E 0 1 1                                     0
1257 04 E 0 1 1                                      0
1259 05 E 0 1 1                                       0
1261 06 E 0 1 1                                        0
1263 07 E 0 1 1                                         0
1265 08 E 0 1 1                                          0
1267 09 E 0 1 1                                           0
1269 0A E 0 1 1                                            0
1271 0B E 0 1 1                                             0
1273 0C E 0 1 1                                              0
                                    ra=F
1275 03 F 1 0 1                                     F
1277 03 F 0 1 1                                     F
1279 04 F 0 1 1                                      F
1281 05 F 0 1 1                                       F
1283 06 F 0 1 1                                        F
1285 07 F 0 1 1                                         F
1287 08 F 0 1 1                                          F
1289 09 F 0 1 1                                           F
1291 0A F 0 1 1                                            F
1293 0B F 0 1 1                                             F
1295 0C F 0 1 1                                              F
1297 09 F 1 0 1                                           0
                                    ra=-
1299 0A - 1 0 1                                            0
                                                 an=0
1301 0B - 1 0 1                                             0
1303 03 - 1 1 0     F
1305 04 - 1 1 0      F
1307 05 - 1 1 0       F
1309 06 - 1 1 0        F
1311 07 - 1 1 0         F
1313 08 - 1 1 0          F
1315 09 - 1 1 0           F
1317 0A - 1 1 0            F
1319 0B - 1 1 0             F
1321 0C - 1 1 0              F
1323 09 - 1 0 1                                           0
                                    ra=-
1325 0A - 1 0 1                                            0
                                                 an=4
1327 0B - 1 0 1                                             4
                                    ANN(01)=0
1329 01 - 1 1 0   0
                                    ANN(02)=0
1331 02 - 1 1 0    0
                                    ANN(03)=0
1333 03 - 1 1 0     0
                                    ANN(04)=0
1335 04 - 1 1 0      0
                                    ANN(05)=0
1337 05 - 1 1 0       0
                                    ANN(06)=0
1339 06 - 1 1 0        0
                                    ANN(07)=0
1341 07 - 1 1 0         0
                                    ANN(08)=0
1343 08 - 1 1 0          0
                                    ANN(09)=0
1345 09 - 1 1 0           0
                                    ANN(0A)=8
1347 0A - 1 1 0            8
                                    ANN(0B)=0
1349 0B - 1 1 0             0
                                    ANN(0C)=0
1351 0C - 1 1 0              0
                                    ra=D
1353 03 D 1 0 1                                     D
1355 04 D 1 0 1                                      0
1357 05 D 1 0 1                                       8
                                    ra=C
1359 03 C 1 0 1                                     C
1361 03 C 0 1 1                                     0
1363 04 C 0 1 1                                      0
1365 05 C 0 1 1                                       0
1367 06 C 0 1 1                                        0
1369 07 C 0 1 1                                         0
1371 08 C 0 1 1                                          0
1373 09 C 0 1 1                                           4
1375 0A C 0 1 1                                            4
1377 0B C 0 1 1                                             4
1379 0C C 0 1 1                                              5
                                    ra=D
1381 03 D 1 0 1                                     D
1383 03 D 0 1 1                                     F
1385 04 D 0 1 1                                      F
1387 05 D 0 1 1                                       F
1389 06 D 0 1 1                                        F
1391 07 D 0 1 1                                         F
1393 08 D 0 1 1                                          F
1395 09 D 0 1 1                                           3
1397 0A D 0 1 1                                            0
1399 0B D 0 1 1                                             4
1401 0C D 0 1 1                                              1
1403 03 D 1 1 0     F
1405 04 D 1 1 0      F
1407 05 D 1 1 0       F
1409 06 D 1 1 0        F
1411 07 D 1 1 0         F
1413 08 D 1 1 0          8
1415 09 D 1 1 0           3
1417 0A D 1 1 0            0
1419 0B D 1 1 0             4
1421 0C D 1 1 0              1
                                    ra=C
1423 03 C 1 0 1                                     C
1425 03 C 1 1 0     0
1427 04 C 1 1 0      0
1429 05 C 1 1 0       0
1431 06 C 1 1 0        0
1433 07 C 1 1 0         0
1435 08 C 1 1 0          5
1437 09 C 1 1 0           4
1439 0A C 1 1 0            4
1441 0B C 1 1 0             4
1443 0C C 1 1 0              5
                                    ra=C
1445 03 C 1 0 1                                     C
1447 04 C 1 0 1                                      0
1449 05 C 1 0 1                                       8
                                    ra=C
1451 03 C 1 0 1                                     C
1453 04 C 1 0 1                                      0
1455 05 C 1 0 1                                       8
1457 03 C 0 1 1                                     0
1459 04 C 0 1 1                                      0
1461 05 C 0 1 1                                       0
1463 06 C 0 1 1                                        0
1465 07 C 0 1 1                                         0
1467 08 C 0 1 1                                          5
1469 09 C 0 1 1                                           4
1471 0A C 0 1 1                                            4
1473 0B C 0 1 1                                             4
1475 0C C 0 1 1                                              5
                                    ra=D
1477 03 D 1 0 1                                     D
1479 03 D 0 1 1                                     F
1481 04 D 0 1 1                                      F
1483 05 D 0 1 1                                       F
1485 06 D 0 1 1                                        F
1487 07 D 0 1 1                                         F
1489 08 D 0 1 1                                          8
1491 09 D 0 1 1                                           3
1493 0A D 0 1 1                                            0
1495 0B D 0 1 1                                             4
1497 0C D 0 1 1                                              1
                                    ra=E
1499 03 E 1 0 1                                     E
1501 04 E 1 0 1                                      0
1503 05 E 1 0 1                                       8
1505 03 E 0 1 1                                     0
1507 04 E 0 1 1                                      0
1509 05 E 0 1 1                                       0
1511 06 E 0 1 1                                        0
1513 07 E 0 1 1                                         0
1515 08 E 0 1 1                                          0
1517 09 E 0 1 1                                           0
1519 0A E 0 1 1                                            0
1521 0B E 0 1 1                                             0
1523 0C E 0 1 1                                              0
                                    ra=F
1525 03 F 1 0 1                                     F
1527 03 F 0 1 1                                     F
1529 04 F 0 1 1                                      F
1531 05 F 0 1 1                                       F
1533 06 F 0 1 1                                        F
1535 07 F 0 1 1                                         F
1537 08 F 0 1 1                                          F
1539 09 F 0 1 1                                           F
1541 0A F 0 1 1                                            F
1543 0B F 0 1 1                                             F
1545 0C F 0 1 1                                              F
1547 09 F 1 0 1                                           0
                                    ra=-
1549 0A - 1 0 1                                            0
                                                 an=0
1551 0B - 1 0 1                                             0
1553 03 - 1 1 0     F
1555 04 - 1 1 0      F
1557 05 - 1 1 0       F
1559 06 - 1 1 0        F
1561 07 - 1 1 0         F
1563 08 - 1 1 0          F
1565 09 - 1 1 0           F
1567 0A - 1 1 0            F
1569 0B - 1 1 0             F
1571 0C - 1 1 0              F
1573 09 - 1 0 1                                           0
                                    ra=-
1575 0A - 1 0 1                                            0
                                                 an=4
1577 0B - 1 0 1                                             4
                                    ANN(01)=0
1579 01 - 1 1 0   0
                                    ANN(02)=0
1581 02 - 1 1 0    0
                                    ANN(03)=0
1583 03 - 1 1 0     0
                                    ANN(04)=0
1585 04 - 1 1 0      0
                                    ANN(05)=0
1587 05 - 1 1 0       0
                                    ANN(06)=0
1589 06 - 1 1 0        0
                                    ANN(07)=0
1591 07 - 1 1 0         0
                                    ANN(08)=0
1593 08 - 1 1 0          0
                                    ANN(09)=0
1595 09 - 1 1 0           0
                                    ANN(0A)=8
1597 0A - 1 1 0            8
                                    ANN(0B)=0
1599 0B - 1 1 0             0
                                    ANN(0C)=0
1601 0C - 1 1 0              0
                                    ra=D
1603 03 D 1 0 1                                     D
1605 04 D 1 0 1                                      0
1607 05 D 1 0 1                                       8
                                    ra=C
1609 03 C 1 0 1                                     C
1611 03 C 0 1 1                                     0
1613 04 C 0 1 1                                      0
1615 05 C 0 1 1                                       0
1617 06 C 0 1 1                                        0
1619 07 C 0 1 1                                         0
1621 08 C 0 1 1                                          5
1623 09 C 0 1 1                                           4
1625 0A C 0 1 1                                            4
1627 0B C 0 1 1                                             4
1629 0C C 0 1 1                                              5
                                    ra=D
1631 03 D 1 0 1                                     D
1633 03 D 0 1 1                                     F
1635 04 D 0 1 1                                      F
1637 05 D 0 1 1                                       F
1639 06 D 0 1 1                                        F
1641 07 D 0 1 1                                         F
1643 08 D 0 1 1                                          8
1645 09 D 0 1 1                                           3
1647 0A D 0 1 1                                            0
1649 0B D 0 1 1                                             4
1651 0C D 0 1 1                                              1
1653 03 D 1 1 0     F
1655 04 D 1 1 0      F
1657 05 D 1 1 0       F
1659 06 D 1 1 0        F
1661 07 D 1 1 0         F
1663 08 D 1 1 0          8
1665 09 D 1 1 0           3
1667 0A D 1 1 0            0
1669 0B D 1 1 0             4
1671 0C D 1 1 0              1
                                    ra=C
1673 03 C 1 0 1                                     C
1675 03 C 1 1 0     0
1677 04 C 1 1 0      0
1679 05 C 1 1 0       0
1681 06 C 1 1 0        0
1683 07 C 1 1 0         0
1685 08 C 1 1 0          5
1687 09 C 1 1 0           4
1689 0A C 1 1 0            4
1691 0B C 1 1 0             4
1693 0C C 1 1 0              5
                                    ra=C
1695 03 C 1 0 1                                     C
1697 04 C 1 0 1                                      0
1699 05 C 1 0 1                                       8
                                    ra=C
1701 03 C 1 0 1                                     C
1703 04 C 1 0 1                                      0
1705 05 C 1 0 1                                       8
1707 03 C 0 1 1                                     0
1709 04 C 0 1 1                                      0
1711 05 C 0 1 1                                       0
1713 06 C 0 1 1                                        0
1715 07 C 0 1 1                                         0
1717 08 C 0 1 1                                          5
1719 09 C 0 1 1                                           4
1721 0A C 0 1 1                                            4
1723 0B C 0 1 1                                             4
1725 0C C 0 1 1                                              5
                                    ra=D
1727 03 D 1 0 1                                     D
1729 03 D 0 1 1                                     F
1731 04 D 0 1 1                                      F
1733 05 D 0 1 1                                       F
1735 06 D 0 1 1                                        F
1737 07 D 0 1 1                                         F
1739 08 D 0 1 1                                          8
1741 09 D 0 1 1                                           3
1743 0A D 0 1 1                                            0
1745 0B D 0 1 1                                             4
1747 0C D 0 1 1                                              1
                                    ra=E
1749 03 E 1 0 1                                     E
1751 04 E 1 0 1                                      0
1753 05 E 1 0 1                                       8
1755 03 E 0 1 1                                     0
1757 04 E 0 1 1                                      0
1759 05 E 0 1 1                                       0
1761 06 E 0 1 1                                        0
1763 07 E 0 1 1                                         0
1765 08 E 0 1 1                                          0
1767 09 E 0 1 1                                           0
1769 0A E 0 1 1                                            0
1771 0B E 0 1 1                                             0
1773 0C E 0 1 1                                              0
                                    ra=F
1775 03 F 1 0 1                                     F
1777 03 F 0 1 1                                     F
1779 04 F 0 1 1                                      F
1781 05 F 0 1 1                                       F
1783 06 F 0 1 1                                        F
1785 07 F 0 1 1                                         F
1787 08 F 0 1 1                                          F
1789 09 F 0 1 1                                           F
1791 0A F 0 1 1                                            F
1793 0B F 0 1 1                                             F
1795 0C F 0 1 1                                              F
1797 09 F 1 0 1                                           0
                                    ra=-
1799 0A - 1 0 1                                            0
                                                 an=0
1801 0B - 1 0 1                                             0
1803 03 - 1 1 0     F
1805 04 - 1 1 0      F
1807 05 - 1 1 0       F
1809 06 - 1 1 0        F
1811 07 - 1 1 0         F
1813 08 - 1 1 0          F
1815 09 - 1 1 0           F
1817 0A - 1 1 0            F
1819 0B - 1 1 0             F
1821 0C - 1 1 0              F
1823 09 - 1 0 1                                           0
                                    ra=-
1825 0A - 1 0 1                                            0
                                                 an=4
1827 0B - 1 0 1                                             4
                                    ANN(01)=0
1829 01 - 1 1 0   0
                                    ANN(02)=0
1831 02 - 1 1 0    0
                                    ANN(03)=0
1833 03 - 1 1 0     0
                                    ANN(04)=0
1835 04 - 1 1 0      0
                                    ANN(05)=0
1837 05 - 1 1 0       0
                                    ANN(06)=0
1839 06 - 1 1 0        0
                                    ANN(07)=0
1841 07 - 1 1 0         0
                                    ANN(08)=0
1843 08 - 1 1 0          0
                                    ANN(09)=0
1845 09 - 1 1 0           0
                                    ANN(0A)=8
1847 0A - 1 1 0            8
                                    ANN(0B)=0
1849 0B - 1 1 0             0
                                    ANN(0C)=0
1851 0C - 1 1 0              0
                                    ra=D
1853 03 D 1 0 1                                     D
1855 04 D 1 0 1                                      0
1857 05 D 1 0 1                                       8
                                    ra=C
1859 03 C 1 0 1                                     C
1861 03 C 0 1 1                                     0
1863 04 C 0 1 1                                      0
1865 05 C 0 1 1                                       0
1867 06 C 0 1 1                                        0
1869 07 C 0 1 1                                         0
1871 08 C 0 1 1                                          5
1873 09 C 0 1 1                                           4
1875 0A C 0 1 1                                            4
1877 0B C 0 1 1                                             4
1879 0C C 0 1 1                                              5
                                    ra=D
1881 03 D 1 0 1                                     D
1883 03 D 0 1 1                                     F
1885 04 D 0 1 1                                      F
1887 05 D 0 1 1                                       F
1889 06 D 0 1 1                                        F
1891 07 D 0 1 1                                         F
1893 08 D 0 1 1                                          8
1895 09 D 0 1 1                                           3
1897 0A D 0 1 1                                            0
1899 0B D 0 1 1                                             4
1901 0C D 0 1 1                                              1
1903 03 D 1 1 0     F
1905 04 D 1 1 0      F
1907 05 D 1 1 0       F
1909 06 D 1 1 0        F
1911 07 D 1 1 0         F
1913 08 D 1 1 0          8
1915 09 D 1 1 0           3
1917 0A D 1 1 0            0
1919 0B D 1 1 0             4
1921 0C D 1 1 0              1
                                    ra=C
1923 03 C 1 0 1                                     C
1925 03 C 1 1 0     0
1927 04 C 1 1 0      0
1929 05 C 1 1 0       0
1931 06 C 1 1 0        4
1933 07 C 1 1 0         0
1935 08 C 1 1 0          5
1937 09 C 1 1 0           4
1939 0A C 1 1 0            4
1941 0B C 1 1 0             4
1943 0C C 1 1 0              5
                                    ra=C
1945 03 C 1 0 1                                     C
1947 04 C 1 0 1                                      0
1949 05 C 1 0 1                                       8
                                    ra=C
1951 03 C 1 0 1                                     C
1953 04 C 1 0 1                                      0
1955 05 C 1 0 1                                       8
1957 03 C 0 1 1                                     0
1959 04 C 0 1 1                                      0
1961 05 C 0 1 1                                       0
1963 06 C 0 1 1                                        4
1965 07 C 0 1 1                                         0
1967 08 C 0 1 1                                          5
1969 09 C 0 1 1                                           4
1971 0A C 0 1 1                                            4
1973 0B C 0 1 1                                             4
1975 0C C 0 1 1                                              5
                                    ra=D
1977 03 D 1 0 1                                     D
1979 03 D 0 1 1                                     F
1981 04 D 0 1 1                                      F
1983 05 D 0 1 1                                       F
1985 06 D 0 1 1                                        F
1987 07 D 0 1 1                                         F
1989 08 D 0 1 1                                          8
1991 09 D 0 1 1                                           3
1993 0A D 0 1 1                                            0
1995 0B D 0 1 1                                             4
1997 0C D 0 1 1                                              1
                                    ra=E
1999 03 E 1 0 1                                     E
2001 04 E 1 0 1                                      0
2003 05 E 1 0 1                                       8
2005 03 E 0 1 1                                     0
2007 04 E 0 1 1                                      0
2009 05 E 0 1 1                                       0
2011 06 E 0 1 1                                        0
2013 07 E 0 1 1                                         0
2015 08 E 0 1 1                                          0
2017 09 E 0 1 1                                           0
2019 0A E 0 1 1                                            0
2021 0B E 0 1 1                                             0
2023 0C E 0 1 1                                              0
                                    ra=F
2025 03 F 1 0 1                                     F
2027 03 F 0 1 1                                     F
2029 04 F 0 1 1                                      F
2031 05 F 0 1 1                                       F
2033 06 F 0 1 1                                        F
2035 07 F 0 1 1                                         F
2037 08 F 0 1 1                                          F
2039 09 F 0 1 1                                           F
2041 0A F 0 1 1                                            F
2043 0B F 0 1 1                                             F
2045 0C F 0 1 1                                              F
2047 09 F 1 0 1                                           0
                                    ra=-
2049 0A - 1 0 1                                            0
                                                 an=0
2051 0B - 1 0 1                                             0
2053 03 - 1 1 0     F
2055 04 - 1 1 0      F
2057 05 - 1 1 0       F
2059 06 - 1 1 0        F
2061 07 - 1 1 0         F
2063 08 - 1 1 0          F
2065 09 - 1 1 0           F
2067 0A - 1 1 0            F
2069 0B - 1 1 0             F
2071 0C - 1 1 0              F
2073 09 - 1 0 1                                           0
                                    ra=-
2075 0A - 1 0 1                                            0
                                                 an=4
2077 0B - 1 0 1                                             4
                                    ANN(01)=0
2079 01 - 1 1 0   0
                                    ANN(02)=0
2081 02 - 1 1 0    0
                                    ANN(03)=0
2083 03 - 1 1 0     0
                                    ANN(04)=0
2085 04 - 1 1 0      0
                                    ANN(05)=0
2087 05 - 1 1 0       0
                                    ANN(06)=0
2089 06 - 1 1 0        0
                                    ANN(07)=0
2091 07 - 1 1 0         0
                                    ANN(08)=0
2093 08 - 1 1 0          0
                                    ANN(09)=0
2095 09 - 1 1 0           0
                                    ANN(0A)=8
2097 0A - 1 1 0            8
                                    ANN(0B)=0
2099 0B - 1 1 0             0
                                    ANN(0C)=0
2101 0C - 1 1 0              0
                                    ra=D
2103 03 D 1 0 1                                     D
2105 04 D 1 0 1                                      0
2107 05 D 1 0 1                                       8
                                    ra=C
2109 03 C 1 0 1                                     C
2111 03 C 0 1 1                                     0
2113 04 C 0 1 1                                      0
2115 05 C 0 1 1                                       0
2117 06 C 0 1 1                                        4
2119 07 C 0 1 1                                         0
2121 08 C 0 1 1                                          5
2123 09 C 0 1 1                                           4
2125 0A C 0 1 1                                            4
2127 0B C 0 1 1                                             4
2129 0C C 0 1 1                                              5
                                    ra=D
2131 03 D 1 0 1                                     D
2133 03 D 0 1 1                                     F
2135 04 D 0 1 1                                      F
2137 05 D 0 1 1                                       F
2139 06 D 0 1 1                                        F
2141 07 D 0 1 1                                         F
2143 08 D 0 1 1                                          8
2145 09 D 0 1 1                                           3
2147 0A D 0 1 1                                            0
2149 0B D 0 1 1                                             4
2151 0C D 0 1 1                                              1
2153 03 D 1 1 0     F
2155 04 D 1 1 0      F
2157 05 D 1 1 0       0
2159 06 D 1 1 0        F
2161 07 D 1 1 0         F
2163 08 D 1 1 0          8
2165 09 D 1 1 0           3
2167 0A D 1 1 0            0
2169 0B D 1 1 0             4
2171 0C D 1 1 0              1
                                    ra=C
2173 03 C 1 0 1                                     C
2175 03 C 1 1 0     0
2177 04 C 1 1 0      0
2179 05 C 1 1 0       3
2181 06 C 1 1 0        4
2183 07 C 1 1 0         0
2185 08 C 1 1 0          5
2187 09 C 1 1 0           4
2189 0A C 1 1 0            4
2191 0B C 1 1 0             4
2193 0C C 1 1 0              5
                                    ra=C
2195 03 C 1 0 1                                     C
2197 04 C 1 0 1                                      0
2199 05 C 1 0 1                                       8
                                    ra=C
2201 03 C 1 0 1                                     C
2203 04 C 1 0 1                                      0
2205 05 C 1 0 1                                       8
2207 03 C 0 1 1                                     0
2209 04 C 0 1 1                                      0
2211 05 C 0 1 1                                       3
2213 06 C 0 1 1                                        4
2215 07 C 0 1 1                                         0
2217 08 C 0 1 1                                          5
2219 09 C 0 1 1                                           4
2221 0A C 0 1 1                                            4
2223 0B C 0 1 1                                             4
2225 0C C 0 1 1                                              5
                                    ra=D
2227 03 D 1 0 1                                     D
2229 03 D 0 1 1                                     F
2231 04 D 0 1 1                                      F
2233 05 D 0 1 1                                       0
2235 06 D 0 1 1                                        F
2237 07 D 0 1 1                                         F
2239 08 D 0 1 1                                          8
2241 09 D 0 1 1                                           3
2243 0A D 0 1 1                                            0
2245 0B D 0 1 1                                             4
2247 0C D 0 1 1                                              1
                                    ra=E
2249 03 E 1 0 1                                     E
2251 04 E 1 0 1                                      0
2253 05 E 1 0 1                                       8
2255 03 E 0 1 1                                     0
2257 04 E 0 1 1                                      0
2259 05 E 0 1 1                                       0
2261 06 E 0 1 1                                        0
2263 07 E 0 1 1                                         0
2265 08 E 0 1 1                                          0
2267 09 E 0 1 1                                           0
2269 0A E 0 1 1                                            0
2271 0B E 0 1 1                                             0
2273 0C E 0 1 1                                              0
                                    ra=F
2275 03 F 1 0 1                                     F
2277 03 F 0 1 1                                     F
2279 04 F 0 1 1                                      F
2281 05 F 0 1 1                                       F
2283 06 F 0 1 1                                        F
2285 07 F 0 1 1                                         F
2287 08 F 0 1 1                                          F
2289 09 F 0 1 1                                           F
2291 0A F 0 1 1                                            F
2293 0B F 0 1 1                                             F
2295 0C F 0 1 1                                              F
2297 09 F 1 0 1                                           0
                                    ra=-
2299 0A - 1 0 1                                            0
                                                 an=0
2301 0B - 1 0 1                                             0
2303 03 - 1 1 0     F
2305 04 - 1 1 0      F
2307 05 - 1 1 0       F
2309 06 - 1 1 0        F
2311 07 - 1 1 0         F
2313 08 - 1 1 0          F
2315 09 - 1 1 0           F
2317 0A - 1 1 0            F
2319 0B - 1 1 0             F
2321 0C - 1 1 0              F
2323 09 - 1 0 1                                           0
                                    ra=-
2325 0A - 1 0 1                                            0
                                                 an=4
2327 0B - 1 0 1                                             4
                                    ANN(01)=0
2329 01 - 1 1 0   0
                                    ANN(02)=0
2331 02 - 1 1 0    0
                                    ANN(03)=0
2333 03 - 1 1 0     0
                                    ANN(04)=0
2335 04 - 1 1 0      0
                                    ANN(05)=0
2337 05 - 1 1 0       0
                                    ANN(06)=0
2339 06 - 1 1 0        0
                                    ANN(07)=0
2341 07 - 1 1 0         0
                                    ANN(08)=0
2343 08 - 1 1 0          0
                                    ANN(09)=0
2345 09 - 1 1 0           0
                                    ANN(0A)=8
2347 0A - 1 1 0            8
                                    ANN(0B)=0
2349 0B - 1 1 0             0
                                    ANN(0C)=0
2351 0C - 1 1 0              0
                                    ra=D
2353 03 D 1 0 1                                     D
2355 04 D 1 0 1                                      0
2357 05 D 1 0 1                                       8
                                    ra=E
2359 03 E 1 0 1                                     E
2361 03 E 0 1 1                                     0
2363 04 E 0 1 1                                      0
2365 05 E 0 1 1                                       0
2367 06 E 0 1 1                                        0
2369 07 E 0 1 1                                         0
2371 08 E 0 1 1                                          0
2373 09 E 0 1 1                                           0
2375 0A E 0 1 1                                            0
2377 0B E 0 1 1                                             0
2379 0C E 0 1 1                                              0
                                    ra=F
2381 03 F 1 0 1                                     F
2383 03 F 0 1 1                                     F
2385 04 F 0 1 1                                      F
2387 05 F 0 1 1                                       F
2389 06 F 0 1 1                                        F
2391 07 F 0 1 1                                         F
2393 08 F 0 1 1                                          F
2395 09 F 0 1 1                                           F
2397 0A F 0 1 1                                            F
2399 0B F 0 1 1                                             F
2401 0C F 0 1 1                                              F
                                    ra=D
2403 03 D 1 0 1                                     D
2405 04 D 1 0 1                                      0
2407 05 D 1 0 1                                       8
                                    ra=C
2409 03 C 1 0 1                                     C
2411 03 C 0 1 1                                     0
2413 04 C 0 1 1                                      0
2415 05 C 0 1 1                                       3
2417 06 C 0 1 1                                        4
2419 07 C 0 1 1                                         0
2421 08 C 0 1 1                                          5
2423 09 C 0 1 1                                           4
2425 0A C 0 1 1                                            4
2427 0B C 0 1 1                                             4
2429 0C C 0 1 1                                              5
                                    ra=D
2431 03 D 1 0 1                                     D
2433 03 D 0 1 1                                     F
2435 04 D 0 1 1                                      F
2437 05 D 0 1 1                                       0
2439 06 D 0 1 1                                        F
2441 07 D 0 1 1                                         F
2443 08 D 0 1 1                                          8
2445 09 D 0 1 1                                           3
2447 0A D 0 1 1                                            0
2449 0B D 0 1 1                                             4
2451 0C D 0 1 1                                              1
                                    ra=E
2453 03 E 1 0 1                                     E
2455 04 E 1 0 1                                      0
2457 05 E 1 0 1                                       8
                                    ra=-
2459 00 - 1 0 1                                  B
2461 00 - 1 1 0  0
2463 01 - 1 1 0   8
2465 02 - 1 1 0    6
2467 03 - 1 1 0     1
                                    ra=C
2469 03 C 1 0 1                                     C
2471 04 C 1 0 1                                      0
2473 05 C 1 0 1                                       8
                                    ra=-
2475 00 - 1 0 1                                  B
                                    ra=C
2477 03 C 1 0 1                                     C
2479 04 C 1 0 1                                      0
2481 05 C 1 0 1                                       8
2483 03 C 0 1 1                                     0
2485 04 C 0 1 1                                      0
2487 05 C 0 1 1                                       3
2489 06 C 0 1 1                                        4
2491 07 C 0 1 1                                         0
2493 08 C 0 1 1                                          5
2495 09 C 0 1 1                                           4
2497 0A C 0 1 1                                            4
2499 0B C 0 1 1                                             4
2501 0C C 0 1 1                                              5
                                    ra=D
2503 03 D 1 0 1                                     D
2505 03 D 0 1 1                                     F
2507 04 D 0 1 1                                      F
2509 05 D 0 1 1                                       0
2511 06 D 0 1 1                                        F
2513 07 D 0 1 1                                         F
2515 08 D 0 1 1                                          8
2517 09 D 0 1 1                                           3
2519 0A D 0 1 1                                            0
2521 0B D 0 1 1                                             4
2523 0C D 0 1 1                                              1
                                    ra=E
2525 03 E 1 0 1                                     E
2527 04 E 1 0 1                                      0
2529 05 E 1 0 1                                       8
2531 03 E 0 1 1                                     0
2533 04 E 0 1 1                                      0
2535 05 E 0 1 1                                       0
2537 06 E 0 1 1                                        0
2539 07 E 0 1 1                                         0
2541 08 E 0 1 1                                          0
2543 09 E 0 1 1                                           0
2545 0A E 0 1 1                                            0
2547 0B E 0 1 1                                             0
2549 0C E 0 1 1                                              0
                                    ra=F
2551 03 F 1 0 1                                     F
2553 03 F 0 1 1                                     F
2555 04 F 0 1 1                                      F
2557 05 F 0 1 1                                       F
2559 06 F 0 1 1                                        F
2561 07 F 0 1 1                                         F
2563 08 F 0 1 1                                          F
2565 09 F 0 1 1                                           F
2567 0A F 0 1 1                                            F
2569 0B F 0 1 1                                             F
2571 0C F 0 1 1                                              F
2573 09 F 1 0 1                                           0
                                    ra=-
2575 0A - 1 0 1                                            0
                                                 an=0
2577 0B - 1 0 1                                             0
2579 01 - 1 1 0   B
2581 02 - 1 1 0    B
2583 03 - 1 1 0     F
2585 04 - 1 1 0      F
2587 05 - 1 1 0       F
2589 06 - 1 1 0        F
2591 07 - 1 1 0         F
2593 08 - 1 1 0          F
2595 09 - 1 1 0           F
2597 0A - 1 1 0            F
2599 0B - 1 1 0             F
2601 0C - 1 1 0              F
2603 09 - 1 0 1                                           0
                                    ra=-
2605 0A - 1 0 1                                            0
                                                 an=4
2607 0B - 1 0 1                                             4
                                    ANN(01)=0
2609 01 - 1 1 0   0
                                    ANN(02)=0
2611 02 - 1 1 0    0
                                    ANN(03)=0
2613 03 - 1 1 0     0
                                    ANN(04)=0
2615 04 - 1 1 0      0
                                    ANN(05)=0
2617 05 - 1 1 0       0
                                    ANN(06)=0
2619 06 - 1 1 0        0
                                    ANN(07)=0
2621 07 - 1 1 0         0
                                    ANN(08)=0
2623 08 - 1 1 0          0
                                    ANN(09)=0
2625 09 - 1 1 0           0
                                    ANN(0A)=8
2627 0A - 1 1 0            8
                                    ANN(0B)=0
2629 0B - 1 1 0             0
2631 7F - 0 0 0                                                                                                                                 F
2633 7F - 0 0 0                                                                                                                                 F
2635 7F - 0 0 0                                                                                                                                 F
2637 7F - 0 0 0                                                                                                                                 F
2639 7F - 0 0 0                                                                                                                                 F
