 STATE LISTING OF AQU MEM  
  POS     ADDR  DATA OE WE  OP             CE      
 0000 T   00    0    1  1   0        10111111 1111                            
 0001     00    0    1  1   0        10111111 1111                            
 0002     03    F    1  1   0        10111111 1111                            
 0003     03    F    1  1   0        10111111 1111                            
 0004     04    F    1  1   0        10111111 1111                            
 0005     04    0    1  1   0        10111111 1111                            
 0006     05    0    1  1   0        10111111 1111                            
 0007     05    9    1  1   0        10111111 1111                            
 0008     0A    4    1  1   1        11111111 1111                            
 0009     0A    2    1  0   1        11111110 1111                            
 0010     0B    2    1  1   1        11111111 1111                            
 0011     0B    7    1  0   1        11111110 1111                            
 0012     0C    7    1  1   1        11111111 1111                            
 0013     0C    6    1  0   1        11111110 1111                            
 0014     01    F    1  1   0        10111111 1111                            
 0015     01    0    1  1   0        10111111 1111                            
 0016     02    0    1  1   0        10111111 1111                            
 0017     02    0    1  1   0        10111111 1111                            
 0018     03    0    1  1   0        10111111 1111                            
 0019     03    E    1  1   0        10111111 1111                            
 0020     00    0    0  1   1        01111111 1111                            
 0021     00    0    0  1   1        01111111 1111                            
 0022     01    F    0  1   1        01111111 1111                            
 0023     01    F    0  1   1        01111111 1111                            
 0024     02    4    0  1   1        01111111 1111                            
 0025     02    4    0  1   1        01111111 1111                            
 0026     03    2    0  1   1        01111111 1111                            
 0027     03    2    0  1   1        01111111 1111                            
 0028     04    8    0  1   1        01111111 1111                            
 0029     04    8    0  1   1        01111111 1111                            
 0030     05    2    0  1   1        01111111 1111                            
 0031     05    2    0  1   1        01111111 1111                            
 0032     06    C    0  1   1        01111111 1111                            
 0033     06    C    0  1   1        01111111 1111                            
 0034     07    2    0  1   1        01111111 1111                            
 0035     07    2    0  1   1        01111111 1111                            
 0036     08    8    0  1   1        01111111 1111                            
 0037     08    8    0  1   1        01111111 1111                            
 0038     09    F    0  1   1        01111111 1111                            
 0039     09    F    0  1   1        01111111 1111                            
 0040     0A    7    0  1   1        01111111 1111                            
 0041     0A    7    0  1   1        01111111 1111                            
 0042     0B    1    0  1   1        01111111 1111                            
 0043     0B    1    0  1   1        01111111 1111                            
 0044     0C    8    0  1   1        01111111 1111                            
 0045     0C    8    0  1   1        01111111 1111                            
 0046     0D    1    0  1   1        01111111 1111                            
 0047     0D    1    0  1   1        01111111 1111                            
 0048     0E    6    0  1   1        01111111 1111                            
 0049     0E    6    0  1   1        01111111 1111                            
 0050     0F    1    0  1   1        01111111 1111                            
 0051     0F    1    0  1   1        01111111 1111                            
 0052     00    3    0  1   1        01111111 1111                            
 0053     00    3    0  1   1        01111111 1111                            
 0054     09    F    1  1   0        10111111 1111                            
 0055     09    0    1  1   0        10111111 1111                            
 0056     0A    0    1  1   0        10111111 1111                            
 0057     0A    0    1  1   0        10111111 1111                            
 0058     0B    0    1  1   0        10111111 1111                            
 0059     0B    0    1  1   0        10111111 1111                            
 0060     01    4    1  1   1        11111111 1111                            
 0061     01    B    1  0   1        11111110 1111                            
 0062     02    B    1  1   1        11111111 1111                            
 0063     02    B    1  0   1        11111110 1111                            
 0064     03    B    1  1   1        11111111 1111                            
 0065     03    F    1  0   1        11111110 1111                            
 0066     04    F    1  1   1        11111111 1111                            
 0067     04    F    1  0   1        11111110 1111                            
 0068     05    F    1  1   1        11111111 1111                            
 0069     05    0    1  0   1        11111110 1111                            
 0070     06    0    1  1   1        11111111 1111                            
 0071     06    F    1  0   1        11111110 1111                            
 0072     07    F    1  1   1        11111111 1111                            
 0073     07    F    1  0   1        11111110 1111                            
 0074     08    F    1  1   1        11111111 1111                            
 0075     08    8    1  0   1        11111110 1111                            
 0076     09    8    1  1   1        11111111 1111                            
 0077     09    3    1  0   1        11111110 1111                            
 0078     0A    3    1  1   1        11111111 1111                            
 0079     0A    0    1  0   1        11111110 1111                            
 0080     0B    0    1  1   1        11111111 1111                            
 0081     0B    4    1  0   1        11111110 1111                            
 0082     0C    4    1  1   1        11111111 1111                            
 0083     0C    1    1  0   1        11111110 1111                            
 0084     09    F    1  1   0        10111111 1111                            
 0085     09    0    1  1   0        10111111 1111                            
 0086     0A    0    1  1   0        10111111 1111                            
 0087     0A    0    1  1   0        10111111 1111                            
 0088     0B    0    1  1   0        10111111 1111                            
 0089     0B    4    1  1   0        10111111 1111                            
 0090     01    7    1  1   1        11111111 1111                            
 0091     01    0    1  0   1        11111110 1111                            
 0092     02    0    1  1   1        11111111 1111                            
 0093     02    0    1  0   1        11111110 1111                            
 0094     03    0    1  1   1        11111111 1111                            
 0095     03    0    1  0   1        11111110 1111                            
 0096     04    0    1  1   1        11111111 1111                            
 0097     04    0    1  0   1        11111110 1111                            
 0098     05    0    1  1   1        11111111 1111                            
 0099     05    3    1  0   1        11111110 1111                            
 0100     06    3    1  1   1        11111111 1111                            
 0101     06    C    1  0   1        11111110 1111                            
 0102     07    C    1  1   1        11111111 1111                            
 0103     07    0    1  0   1        11111110 1111                            
 0104     08    0    1  1   1        11111111 1111                            
 0105     08    5    1  0   1        11111110 1111                            
 0106     09    5    1  1   1        11111111 1111                            
 0107     09    4    1  0   1        11111110 1111                            
 0108     0A    4    1  1   1        11111111 1111                            
 0109     0A    4    1  0   1        11111110 1111                            
 0110     0B    4    1  1   1        11111111 1111                            
 0111     0B    4    1  0   1        11111110 1111                            
 0112     0C    4    1  1   1        11111111 1111                            
 0113     0C    5    1  0   1        11111110 1111                            
 0114     09    F    1  1   0        10111111 1111                            
 0115     09    0    1  1   0        10111111 1111                            
 0116     0A    0    1  1   0        10111111 1111                            
 0117     0A    0    1  1   0        10111111 1111                            
 0118     0B    0    1  1   0        10111111 1111                            
 0119     0B    0    1  1   0        10111111 1111                            
 0120     01    B    1  1   1        11111111 1111                            
 0121     01    B    1  0   1        11111110 1111                            
 0122     02    B    1  1   1        11111111 1111                            
 0123     02    B    1  0   1        11111110 1111                            
 0124     03    B    1  1   1        11111111 1111                            
 0125     03    F    1  0   1        11111110 1111                            
 0126     04    F    1  1   1        11111111 1111                            
 0127     04    F    1  0   1        11111110 1111                            
 0128     05    F    1  1   1        11111111 1111                            
 0129     05    0    1  0   1        11111110 1111                            
 0130     06    0    1  1   1        11111111 1111                            
 0131     06    F    1  0   1        11111110 1111                            
 0132     07    F    1  1   1        11111111 1111                            
 0133     07    F    1  0   1        11111110 1111                            
 0134     08    F    1  1   1        11111111 1111                            
 0135     08    8    1  0   1        11111110 1111                            
 0136     09    8    1  1   1        11111111 1111                            
 0137     09    3    1  0   1        11111110 1111                            
 0138     0A    3    1  1   1        11111111 1111                            
 0139     0A    0    1  0   1        11111110 1111                            
 0140     0B    0    1  1   1        11111111 1111                            
 0141     0B    4    1  0   1        11111110 1111                            
 0142     0C    4    1  1   1        11111111 1111                            
 0143     0C    1    1  0   1        11111110 1111                            
 0144     09    F    1  1   0        10111111 1111                            
 0145     09    0    1  1   0        10111111 1111                            
 0146     0A    0    1  1   0        10111111 1111                            
 0147     0A    0    1  1   0        10111111 1111                            
 0148     0B    0    1  1   0        10111111 1111                            
 0149     0B    4    1  1   0        10111111 1111                            
 0150     01    7    1  1   1        11111111 1111                            
 0151     01    0    1  0   1        11111110 1111                            
 0152     02    0    1  1   1        11111111 1111                            
 0153     02    0    1  0   1        11111110 1111                            
 0154     03    0    1  1   1        11111111 1111                            
 0155     03    0    1  0   1        11111110 1111                            
 0156     04    0    1  1   1        11111111 1111                            
 0157     04    0    1  0   1        11111110 1111                            
 0158     05    0    1  1   1        11111111 1111                            
 0159     05    3    1  0   1        11111110 1111                            
 0160     06    3    1  1   1        11111111 1111                            
 0161     06    C    1  0   1        11111110 1111                            
 0162     07    C    1  1   1        11111111 1111                            
 0163     07    0    1  0   1        11111110 1111                            
 0164     08    0    1  1   1        11111111 1111                            
 0165     08    5    1  0   1        11111110 1111                            
 0166     09    5    1  1   1        11111111 1111                            
 0167     09    4    1  0   1        11111110 1111                            
 0168     0A    4    1  1   1        11111111 1111                            
 0169     0A    4    1  0   1        11111110 1111                            
 0170     0B    4    1  1   1        11111111 1111                            
 0171     0B    4    1  0   1        11111110 1111                            
 0172     0C    4    1  1   1        11111111 1111                            
 0173     0C    5    1  0   1        11111110 1111                            
 0174     00    0    1  1   0        10111111 1111                            
 0175     00    0    1  1   0        10111111 1111                            
 0176     03    F    1  1   0        10111111 1111                            
 0177     03    F    1  1   0        10111111 1111                            
 0178     04    F    1  1   0        10111111 1111                            
 0179     04    0    1  1   0        10111111 1111                            
 0180     05    0    1  1   0        10111111 1111                            
 0181     05    9    1  1   0        10111111 1111                            
 0182     0A    4    1  1   1        11111111 1111                            
 0183     0A    6    1  0   1        11111110 1111                            
 0184     0B    6    1  1   1        11111111 1111                            
 0185     0B    7    1  0   1        11111110 1111                            
 0186     0C    7    1  1   1        11111111 1111                            
 0187     0C    1    1  0   1        11111110 1111                            
 0188     01    F    1  1   0        10111111 1111                            
 0189     01    3    1  1   0        10111111 1111                            
 0190     02    3    1  1   0        10111111 1111                            
 0191     02    0    1  1   0        10111111 1111                            
 0192     03    0    1  1   0        10111111 1111                            
 0193     03    E    1  1   0        10111111 1111                            
 0194     00    0    0  1   1        01111111 1111                            
 0195     00    0    0  1   1        01111111 1111                            
 0196     01    F    0  1   1        01111111 1111                            
 0197     01    F    0  1   1        01111111 1111                            
 0198     02    1    0  1   1        01111111 1111                            
 0199     02    1    0  1   1        01111111 1111                            
 0200     03    2    0  1   1        01111111 1111                            
 0201     03    2    0  1   1        01111111 1111                            
 0202     04    3    0  1   1        01111111 1111                            
 0203     04    3    0  1   1        01111111 1111                            
 0204     05    3    0  1   1        01111111 1111                            
 0205     05    3    0  1   1        01111111 1111                            
 0206     06    2    0  1   1        01111111 1111                            
 0207     06    2    0  1   1        01111111 1111                            
 0208     07    3    0  1   1        01111111 1111                            
 0209     07    3    0  1   1        01111111 1111                            
 0210     08    1    0  1   1        01111111 1111                            
 0211     08    1    0  1   1        01111111 1111                            
 0212     09    3    0  1   1        01111111 1111                            
 0213     09    3    0  1   1        01111111 1111                            
 0214     0A    4    0  1   1        01111111 1111                            
 0215     0A    4    0  1   1        01111111 1111                            
 0216     0B    5    0  1   1        01111111 1111                            
 0217     0B    5    0  1   1        01111111 1111                            
 0218     0C    3    0  1   1        01111111 1111                            
 0219     0C    3    0  1   1        01111111 1111                            
 0220     0D    5    0  1   1        01111111 1111                            
 0221     0D    5    0  1   1        01111111 1111                            
 0222     0E    2    0  1   1        01111111 1111                            
 0223     0E    2    0  1   1        01111111 1111                            
 0224     0F    5    0  1   1        01111111 1111                            
 0225     0F    5    0  1   1        01111111 1111                            
 0226     00    4    0  1   1        01111111 1111                            
 0227     00    4    0  1   1        01111111 1111                            
 0228     09    F    1  1   0        10111111 1111                            
 0229     09    0    1  1   0        10111111 1111                            
 0230     0A    0    1  1   0        10111111 1111                            
 0231     0A    0    1  1   0        10111111 1111                            
 0232     0B    0    1  1   0        10111111 1111                            
 0233     0B    0    1  1   0        10111111 1111                            
 0234     01    1    1  1   1        11111111 1111                            
 0235     01    B    1  0   1        11111110 1111                            
 0236     02    B    1  1   1        11111111 1111                            
 0237     02    B    1  0   1        11111110 1111                            
 0238     03    B    1  1   1        11111111 1111                            
 0239     03    F    1  0   1        11111110 1111                            
 0240     04    F    1  1   1        11111111 1111                            
 0241     04    F    1  0   1        11111110 1111                            
 0242     05    F    1  1   1        11111111 1111                            
 0243     05    0    1  0   1        11111110 1111                            
 0244     06    0    1  1   1        11111111 1111                            
 0245     06    F    1  0   1        11111110 1111                            
 0246     07    F    1  1   1        11111111 1111                            
 0247     07    F    1  0   1        11111110 1111                            
 0248     08    F    1  1   1        11111111 1111                            
 0249     08    8    1  0   1        11111110 1111                            
 0250     09    8    1  1   1        11111111 1111                            
 0251     09    3    1  0   1        11111110 1111                            
 0252     0A    3    1  1   1        11111111 1111                            
 0253     0A    0    1  0   1        11111110 1111                            
 0254     0B    0    1  1   1        11111111 1111                            
 0255     0B    4    1  0   1        11111110 1111                            
 0256     0C    4    1  1   1        11111111 1111                            
 0257     0C    1    1  0   1        11111110 1111                            
 0258     09    F    1  1   0        10111111 1111                            
 0259     09    0    1  1   0        10111111 1111                            
 0260     0A    0    1  1   0        10111111 1111                            
 0261     0A    0    1  1   0        10111111 1111                            
 0262     0B    0    1  1   0        10111111 1111                            
 0263     0B    4    1  1   0        10111111 1111                            
 0264     01    2    1  1   1        11111111 1111                            
 0265     01    0    1  0   1        11111110 1111                            
 0266     02    0    1  1   1        11111111 1111                            
 0267     02    0    1  0   1        11111110 1111                            
 0268     03    0    1  1   1        11111111 1111                            
 0269     03    0    1  0   1        11111110 1111                            
 0270     04    0    1  1   1        11111111 1111                            
 0271     04    0    1  0   1        11111110 1111                            
 0272     05    0    1  1   1        11111111 1111                            
 0273     05    3    1  0   1        11111110 1111                            
 0274     06    3    1  1   1        11111111 1111                            
 0275     06    C    1  0   1        11111110 1111                            
 0276     07    C    1  1   1        11111111 1111                            
 0277     07    0    1  0   1        11111110 1111                            
 0278     08    0    1  1   1        11111111 1111                            
 0279     08    5    1  0   1        11111110 1111                            
 0280     09    5    1  1   1        11111111 1111                            
 0281     09    4    1  0   1        11111110 1111                            
 0282     0A    4    1  1   1        11111111 1111                            
 0283     0A    4    1  0   1        11111110 1111                            
 0284     0B    4    1  1   1        11111111 1111                            
 0285     0B    4    1  0   1        11111110 1111                            
 0286     0C    4    1  1   1        11111111 1111                            
 0287     0C    5    1  0   1        11111110 1111                            
 0288     00    0    1  1   0        10111111 1111                            
 0289     00    0    1  1   0        10111111 1111                            
 0290     03    F    1  1   0        10111111 1111                            
 0291     03    F    1  1   0        10111111 1111                            
 0292     04    F    1  1   0        10111111 1111                            
 0293     04    0    1  1   0        10111111 1111                            
 0294     05    0    1  1   0        10111111 1111                            
 0295     05    9    1  1   0        10111111 1111                            
 0296     0A    4    1  1   1        11111111 1111                            
 0297     0A    5    1  0   1        11111110 1111                            
 0298     0B    5    1  1   1        11111111 1111                            
 0299     0B    2    1  0   1        11111110 1111                            
 0300     0C    2    1  1   1        11111111 1111                            
 0301     0C    3    1  0   1        11111110 1111                            
 0302     01    F    1  1   0        10111111 1111                            
 0303     01    0    1  1   0        10111111 1111                            
 0304     02    0    1  1   0        10111111 1111                            
 0305     02    0    1  1   0        10111111 1111                            
 0306     03    0    1  1   0        10111111 1111                            
 0307     03    E    1  1   0        10111111 1111                            
 0308     00    0    0  1   1        01111111 1111                            
 0309     00    0    0  1   1        01111111 1111                            
 0310     01    F    0  1   1        01111111 1111                            
 0311     01    F    0  1   1        01111111 1111                            
 0312     02    4    0  1   1        01111111 1111                            
 0313     02    4    0  1   1        01111111 1111                            
 0314     03    2    0  1   1        01111111 1111                            
 0315     03    2    0  1   1        01111111 1111                            
 0316     04    8    0  1   1        01111111 1111                            
 0317     04    8    0  1   1        01111111 1111                            
 0318     05    2    0  1   1        01111111 1111                            
 0319     05    2    0  1   1        01111111 1111                            
 0320     06    C    0  1   1        01111111 1111                            
 0321     06    C    0  1   1        01111111 1111                            
 0322     07    2    0  1   1        01111111 1111                            
 0323     07    2    0  1   1        01111111 1111                            
 0324     08    8    0  1   1        01111111 1111                            
 0325     08    8    0  1   1        01111111 1111                            
 0326     09    F    0  1   1        01111111 1111                            
 0327     09    F    0  1   1        01111111 1111                            
 0328     0A    7    0  1   1        01111111 1111                            
 0329     0A    7    0  1   1        01111111 1111                            
 0330     0B    1    0  1   1        01111111 1111                            
 0331     0B    1    0  1   1        01111111 1111                            
 0332     0C    8    0  1   1        01111111 1111                            
 0333     0C    8    0  1   1        01111111 1111                            
 0334     0D    1    0  1   1        01111111 1111                            
 0335     0D    1    0  1   1        01111111 1111                            
 0336     0E    6    0  1   1        01111111 1111                            
 0337     0E    6    0  1   1        01111111 1111                            
 0338     0F    1    0  1   1        01111111 1111                            
 0339     0F    1    0  1   1        01111111 1111                            
 0340     00    3    0  1   1        01111111 1111                            
 0341     00    3    0  1   1        01111111 1111                            
 0342     09    F    1  1   0        10111111 1111                            
 0343     09    0    1  1   0        10111111 1111                            
 0344     0A    0    1  1   0        10111111 1111                            
 0345     0A    0    1  1   0        10111111 1111                            
 0346     0B    0    1  1   0        10111111 1111                            
 0347     0B    0    1  1   0        10111111 1111                            
 0348     01    4    1  1   1        11111111 1111                            
 0349     01    B    1  0   1        11111110 1111                            
 0350     02    B    1  1   1        11111111 1111                            
 0351     02    B    1  0   1        11111110 1111                            
 0352     03    B    1  1   1        11111111 1111                            
 0353     03    F    1  0   1        11111110 1111                            
 0354     04    F    1  1   1        11111111 1111                            
 0355     04    F    1  0   1        11111110 1111                            
 0356     05    F    1  1   1        11111111 1111                            
 0357     05    0    1  0   1        11111110 1111                            
 0358     06    0    1  1   1        11111111 1111                            
 0359     06    F    1  0   1        11111110 1111                            
 0360     07    F    1  1   1        11111111 1111                            
 0361     07    F    1  0   1        11111110 1111                            
 0362     08    F    1  1   1        11111111 1111                            
 0363     08    8    1  0   1        11111110 1111                            
 0364     09    8    1  1   1        11111111 1111                            
 0365     09    3    1  0   1        11111110 1111                            
 0366     0A    3    1  1   1        11111111 1111                            
 0367     0A    0    1  0   1        11111110 1111                            
 0368     0B    0    1  1   1        11111111 1111                            
 0369     0B    4    1  0   1        11111110 1111                            
 0370     0C    4    1  1   1        11111111 1111                            
 0371     0C    1    1  0   1        11111110 1111                            
 0372     09    F    1  1   0        10111111 1111                            
 0373     09    0    1  1   0        10111111 1111                            
 0374     0A    0    1  1   0        10111111 1111                            
 0375     0A    0    1  1   0        10111111 1111                            
 0376     0B    0    1  1   0        10111111 1111                            
 0377     0B    4    1  1   0        10111111 1111                            
 0378     01    7    1  1   1        11111111 1111                            
 0379     01    0    1  0   1        11111110 1111                            
 0380     02    0    1  1   1        11111111 1111                            
 0381     02    0    1  0   1        11111110 1111                            
 0382     03    0    1  1   1        11111111 1111                            
 0383     03    0    1  0   1        11111110 1111                            
 0384     04    0    1  1   1        11111111 1111                            
 0385     04    0    1  0   1        11111110 1111                            
 0386     05    0    1  1   1        11111111 1111                            
 0387     05    3    1  0   1        11111110 1111                            
 0388     06    3    1  1   1        11111111 1111                            
 0389     06    C    1  0   1        11111110 1111                            
 0390     07    C    1  1   1        11111111 1111                            
 0391     07    0    1  0   1        11111110 1111                            
 0392     08    0    1  1   1        11111111 1111                            
 0393     08    5    1  0   1        11111110 1111                            
 0394     09    5    1  1   1        11111111 1111                            
 0395     09    4    1  0   1        11111110 1111                            
 0396     0A    4    1  1   1        11111111 1111                            
 0397     0A    4    1  0   1        11111110 1111                            
 0398     0B    4    1  1   1        11111111 1111                            
 0399     0B    4    1  0   1        11111110 1111                            
 0400     0C    4    1  1   1        11111111 1111                            
 0401     0C    5    1  0   1        11111110 1111                            
 0402     09    F    1  1   0        10111111 1111                            
 0403     09    0    1  1   0        10111111 1111                            
 0404     0A    0    1  1   0        10111111 1111                            
 0405     0A    0    1  1   0        10111111 1111                            
 0406     0B    0    1  1   0        10111111 1111                            
 0407     0B    0    1  1   0        10111111 1111                            
 0408     01    B    1  1   1        11111111 1111                            
 0409     01    B    1  0   1        11111110 1111                            
 0410     02    B    1  1   1        11111111 1111                            
 0411     02    B    1  0   1        11111110 1111                            
 0412     03    B    1  1   1        11111111 1111                            
 0413     03    F    1  0   1        11111110 1111                            
 0414     04    F    1  1   1        11111111 1111                            
 0415     04    F    1  0   1        11111110 1111                            
 0416     05    F    1  1   1        11111111 1111                            
 0417     05    0    1  0   1        11111110 1111                            
 0418     06    0    1  1   1        11111111 1111                            
 0419     06    F    1  0   1        11111110 1111                            
 0420     07    F    1  1   1        11111111 1111                            
 0421     07    F    1  0   1        11111110 1111                            
 0422     08    F    1  1   1        11111111 1111                            
 0423     08    8    1  0   1        11111110 1111                            
 0424     09    8    1  1   1        11111111 1111                            
 0425     09    3    1  0   1        11111110 1111                            
 0426     0A    3    1  1   1        11111111 1111                            
 0427     0A    0    1  0   1        11111110 1111                            
 0428     0B    0    1  1   1        11111111 1111                            
 0429     0B    4    1  0   1        11111110 1111                            
 0430     0C    4    1  1   1        11111111 1111                            
 0431     0C    1    1  0   1        11111110 1111                            
 0432     09    F    1  1   0        10111111 1111                            
 0433     09    0    1  1   0        10111111 1111                            
 0434     0A    0    1  1   0        10111111 1111                            
 0435     0A    0    1  1   0        10111111 1111                            
 0436     0B    0    1  1   0        10111111 1111                            
 0437     0B    4    1  1   0        10111111 1111                            
 0438     01    7    1  1   1        11111111 1111                            
 0439     01    0    1  0   1        11111110 1111                            
 0440     02    0    1  1   1        11111111 1111                            
 0441     02    0    1  0   1        11111110 1111                            
 0442     03    0    1  1   1        11111111 1111                            
 0443     03    0    1  0   1        11111110 1111                            
 0444     04    0    1  1   1        11111111 1111                            
 0445     04    0    1  0   1        11111110 1111                            
 0446     05    0    1  1   1        11111111 1111                            
 0447     05    3    1  0   1        11111110 1111                            
 0448     06    3    1  1   1        11111111 1111                            
 0449     06    C    1  0   1        11111110 1111                            
 0450     07    C    1  1   1        11111111 1111                            
 0451     07    0    1  0   1        11111110 1111                            
 0452     08    0    1  1   1        11111111 1111                            
 0453     08    5    1  0   1        11111110 1111                            
 0454     09    5    1  1   1        11111111 1111                            
 0455     09    4    1  0   1        11111110 1111                            
 0456     0A    4    1  1   1        11111111 1111                            
 0457     0A    4    1  0   1        11111110 1111                            
 0458     0B    4    1  1   1        11111111 1111                            
 0459     0B    4    1  0   1        11111110 1111                            
 0460     0C    4    1  1   1        11111111 1111                            
 0461     0C    5    1  0   1        11111110 1111                            
 0462     00    0    1  1   0        10111111 1111                            
 0463     00    0    1  1   0        10111111 1111                            
 0464     03    F    1  1   0        10111111 1111                            
 0465     03    F    1  1   0        10111111 1111                            
 0466     04    F    1  1   0        10111111 1111                            
 0467     04    0    1  1   0        10111111 1111                            
 0468     05    0    1  1   0        10111111 1111                            
 0469     05    9    1  1   0        10111111 1111                            
 0470     0A    4    1  1   1        11111111 1111                            
 0471     0A    7    1  0   1        11111110 1111                            
 0472     0B    7    1  1   1        11111111 1111                            
 0473     0B    3    1  0   1        11111110 1111                            
 0474     0C    3    1  1   1        11111111 1111                            
 0475     0C    1    1  0   1        11111110 1111                            
 0476     01    F    1  1   0        10111111 1111                            
 0477     01    2    1  1   0        10111111 1111                            
 0478     02    2    1  1   0        10111111 1111                            
 0479     02    0    1  1   0        10111111 1111                            
 0480     03    0    1  1   0        10111111 1111                            
 0481     03    E    1  1   0        10111111 1111                            
 0482     00    0    0  1   1        01111111 1111                            
 0483     00    0    0  1   1        01111111 1111                            
 0484     01    E    0  1   1        01111111 1111                            
 0485     01    E    0  1   1        01111111 1111                            
 0486     02    2    0  1   1        01111111 1111                            
 0487     02    2    0  1   1        01111111 1111                            
 0488     03    2    0  1   1        01111111 1111                            
 0489     03    2    0  1   1        01111111 1111                            
 0490     04    6    0  1   1        01111111 1111                            
 0491     04    6    0  1   1        01111111 1111                            
 0492     05    3    0  1   1        01111111 1111                            
 0493     05    3    0  1   1        01111111 1111                            
 0494     06    5    0  1   1        01111111 1111                            
 0495     06    5    0  1   1        01111111 1111                            
 0496     07    3    0  1   1        01111111 1111                            
 0497     07    3    0  1   1        01111111 1111                            
 0498     08    4    0  1   1        01111111 1111                            
 0499     08    4    0  1   1        01111111 1111                            
 0500     09    3    0  1   1        01111111 1111                            
 0501     09    3    0  1   1        01111111 1111                            
 0502     0A    D    0  1   1        01111111 1111                            
 0503     0A    D    0  1   1        01111111 1111                            
 0504     0B    4    0  1   1        01111111 1111                            
 0505     0B    4    0  1   1        01111111 1111                            
 0506     0C    C    0  1   1        01111111 1111                            
 0507     0C    C    0  1   1        01111111 1111                            
 0508     0D    4    0  1   1        01111111 1111                            
 0509     0D    4    0  1   1        01111111 1111                            
 0510     0E    B    0  1   1        01111111 1111                            
 0511     0E    B    0  1   1        01111111 1111                            
 0512     0F    4    0  1   1        01111111 1111                            
 0513     0F    4    0  1   1        01111111 1111                            
 0514     00    E    0  1   1        01111111 1111                            
 0515     00    E    0  1   1        01111111 1111                            
 0516     09    F    1  1   0        10111111 1111                            
 0517     09    0    1  1   0        10111111 1111                            
 0518     0A    0    1  1   0        10111111 1111                            
 0519     0A    0    1  1   0        10111111 1111                            
 0520     0B    0    1  1   0        10111111 1111                            
 0521     0B    0    1  1   0        10111111 1111                            
 0522     01    2    1  1   1        11111111 1111                            
 0523     01    B    1  0   1        11111110 1111                            
 0524     02    B    1  1   1        11111111 1111                            
 0525     02    B    1  0   1        11111110 1111                            
 0526     03    B    1  1   1        11111111 1111                            
 0527     03    F    1  0   1        11111110 1111                            
 0528     04    F    1  1   1        11111111 1111                            
 0529     04    F    1  0   1        11111110 1111                            
 0530     05    F    1  1   1        11111111 1111                            
 0531     05    0    1  0   1        11111110 1111                            
 0532     06    0    1  1   1        11111111 1111                            
 0533     06    F    1  0   1        11111110 1111                            
 0534     07    F    1  1   1        11111111 1111                            
 0535     07    F    1  0   1        11111110 1111                            
 0536     08    F    1  1   1        11111111 1111                            
 0537     08    8    1  0   1        11111110 1111                            
 0538     09    8    1  1   1        11111111 1111                            
 0539     09    3    1  0   1        11111110 1111                            
 0540     0A    3    1  1   1        11111111 1111                            
 0541     0A    0    1  0   1        11111110 1111                            
 0542     0B    0    1  1   1        11111111 1111                            
 0543     0B    4    1  0   1        11111110 1111                            
 0544     0C    4    1  1   1        11111111 1111                            
 0545     0C    1    1  0   1        11111110 1111                            
 0546     09    F    1  1   0        10111111 1111                            
 0547     09    0    1  1   0        10111111 1111                            
 0548     0A    0    1  1   0        10111111 1111                            
 0549     0A    0    1  1   0        10111111 1111                            
 0550     0B    0    1  1   0        10111111 1111                            
 0551     0B    4    1  1   0        10111111 1111                            
 0552     01    D    1  1   1        11111111 1111                            
 0553     01    0    1  0   1        11111110 1111                            
 0554     02    0    1  1   1        11111111 1111                            
 0555     02    0    1  0   1        11111110 1111                            
 0556     03    0    1  1   1        11111111 1111                            
 0557     03    0    1  0   1        11111110 1111                            
 0558     04    0    1  1   1        11111111 1111                            
 0559     04    0    1  0   1        11111110 1111                            
 0560     05    0    1  1   1        11111111 1111                            
 0561     05    3    1  0   1        11111110 1111                            
 0562     06    3    1  1   1        11111111 1111                            
 0563     06    C    1  0   1        11111110 1111                            
 0564     07    C    1  1   1        11111111 1111                            
 0565     07    0    1  0   1        11111110 1111                            
 0566     08    0    1  1   1        11111111 1111                            
 0567     08    5    1  0   1        11111110 1111                            
 0568     09    5    1  1   1        11111111 1111                            
 0569     09    4    1  0   1        11111110 1111                            
 0570     0A    4    1  1   1        11111111 1111                            
 0571     0A    4    1  0   1        11111110 1111                            
 0572     0B    4    1  1   1        11111111 1111                            
 0573     0B    4    1  0   1        11111110 1111                            
 0574     0C    4    1  1   1        11111111 1111                            
 0575     0C    5    1  0   1        11111110 1111                            
 0576     00    0    1  1   0        10111111 1111                            
 0577     00    0    1  1   0        10111111 1111                            
 0578     03    F    1  1   0        10111111 1111                            
 0579     03    F    1  1   0        10111111 1111                            
 0580     04    F    1  1   0        10111111 1111                            
 0581     04    0    1  1   0        10111111 1111                            
 0582     05    0    1  1   0        10111111 1111                            
 0583     05    9    1  1   0        10111111 1111                            
 0584     0A    4    1  1   1        11111111 1111                            
 0585     0A    5    1  0   1        11111110 1111                            
 0586     0B    5    1  1   1        11111111 1111                            
 0587     0B    8    1  0   1        11111110 1111                            
 0588     0C    8    1  1   1        11111111 1111                            
 0589     0C    0    1  0   1        11111110 1111                            
 0590     01    F    1  1   0        10111111 1111                            
 0591     01    0    1  1   0        10111111 1111                            
 0592     02    0    1  1   0        10111111 1111                            
 0593     02    0    1  1   0        10111111 1111                            
 0594     03    0    1  1   0        10111111 1111                            
 0595     03    E    1  1   0        10111111 1111                            
 0596     00    0    0  1   1        01111111 1111                            
 0597     00    0    0  1   1        01111111 1111                            
 0598     01    F    0  1   1        01111111 1111                            
 0599     01    F    0  1   1        01111111 1111                            
 0600     02    4    0  1   1        01111111 1111                            
 0601     02    4    0  1   1        01111111 1111                            
 0602     03    2    0  1   1        01111111 1111                            
 0603     03    2    0  1   1        01111111 1111                            
 0604     04    8    0  1   1        01111111 1111                            
 0605     04    8    0  1   1        01111111 1111                            
 0606     05    2    0  1   1        01111111 1111                            
 0607     05    2    0  1   1        01111111 1111                            
 0608     06    C    0  1   1        01111111 1111                            
 0609     06    C    0  1   1        01111111 1111                            
 0610     07    2    0  1   1        01111111 1111                            
 0611     07    2    0  1   1        01111111 1111                            
 0612     08    8    0  1   1        01111111 1111                            
 0613     08    8    0  1   1        01111111 1111                            
 0614     09    F    0  1   1        01111111 1111                            
 0615     09    F    0  1   1        01111111 1111                            
 0616     0A    7    0  1   1        01111111 1111                            
 0617     0A    7    0  1   1        01111111 1111                            
 0618     0B    1    0  1   1        01111111 1111                            
 0619     0B    1    0  1   1        01111111 1111                            
 0620     0C    8    0  1   1        01111111 1111                            
 0621     0C    8    0  1   1        01111111 1111                            
 0622     0D    1    0  1   1        01111111 1111                            
 0623     0D    1    0  1   1        01111111 1111                            
 0624     0E    6    0  1   1        01111111 1111                            
 0625     0E    6    0  1   1        01111111 1111                            
 0626     0F    1    0  1   1        01111111 1111                            
 0627     0F    1    0  1   1        01111111 1111                            
 0628     00    3    0  1   1        01111111 1111                            
 0629     00    3    0  1   1        01111111 1111                            
 0630     09    F    1  1   0        10111111 1111                            
 0631     09    0    1  1   0        10111111 1111                            
 0632     0A    0    1  1   0        10111111 1111                            
 0633     0A    0    1  1   0        10111111 1111                            
 0634     0B    0    1  1   0        10111111 1111                            
 0635     0B    0    1  1   0        10111111 1111                            
 0636     01    4    1  1   1        11111111 1111                            
 0637     01    B    1  0   1        11111110 1111                            
 0638     02    B    1  1   1        11111111 1111                            
 0639     02    B    1  0   1        11111110 1111                            
 0640     03    B    1  1   1        11111111 1111                            
 0641     03    F    1  0   1        11111110 1111                            
 0642     04    F    1  1   1        11111111 1111                            
 0643     04    F    1  0   1        11111110 1111                            
 0644     05    F    1  1   1        11111111 1111                            
 0645     05    0    1  0   1        11111110 1111                            
 0646     06    0    1  1   1        11111111 1111                            
 0647     06    F    1  0   1        11111110 1111                            
 0648     07    F    1  1   1        11111111 1111                            
 0649     07    F    1  0   1        11111110 1111                            
 0650     08    F    1  1   1        11111111 1111                            
 0651     08    8    1  0   1        11111110 1111                            
 0652     09    8    1  1   1        11111111 1111                            
 0653     09    3    1  0   1        11111110 1111                            
 0654     0A    3    1  1   1        11111111 1111                            
 0655     0A    0    1  0   1        11111110 1111                            
 0656     0B    0    1  1   1        11111111 1111                            
 0657     0B    4    1  0   1        11111110 1111                            
 0658     0C    4    1  1   1        11111111 1111                            
 0659     0C    1    1  0   1        11111110 1111                            
 0660     09    F    1  1   0        10111111 1111                            
 0661     09    0    1  1   0        10111111 1111                            
 0662     0A    0    1  1   0        10111111 1111                            
 0663     0A    0    1  1   0        10111111 1111                            
 0664     0B    0    1  1   0        10111111 1111                            
 0665     0B    4    1  1   0        10111111 1111                            
 0666     01    7    1  1   1        11111111 1111                            
 0667     01    0    1  0   1        11111110 1111                            
 0668     02    0    1  1   1        11111111 1111                            
 0669     02    0    1  0   1        11111110 1111                            
 0670     03    0    1  1   1        11111111 1111                            
 0671     03    0    1  0   1        11111110 1111                            
 0672     04    0    1  1   1        11111111 1111                            
 0673     04    0    1  0   1        11111110 1111                            
 0674     05    0    1  1   1        11111111 1111                            
 0675     05    3    1  0   1        11111110 1111                            
 0676     06    3    1  1   1        11111111 1111                            
 0677     06    C    1  0   1        11111110 1111                            
 0678     07    C    1  1   1        11111111 1111                            
 0679     07    0    1  0   1        11111110 1111                            
 0680     08    0    1  1   1        11111111 1111                            
 0681     08    5    1  0   1        11111110 1111                            
 0682     09    5    1  1   1        11111111 1111                            
 0683     09    4    1  0   1        11111110 1111                            
 0684     0A    4    1  1   1        11111111 1111                            
 0685     0A    4    1  0   1        11111110 1111                            
 0686     0B    4    1  1   1        11111111 1111                            
 0687     0B    4    1  0   1        11111110 1111                            
 0688     0C    4    1  1   1        11111111 1111                            
 0689     0C    5    1  0   1        11111110 1111                            
 0690     09    F    1  1   0        10111111 1111                            
 0691     09    0    1  1   0        10111111 1111                            
 0692     0A    0    1  1   0        10111111 1111                            
 0693     0A    0    1  1   0        10111111 1111                            
 0694     0B    0    1  1   0        10111111 1111                            
 0695     0B    0    1  1   0        10111111 1111                            
 0696     01    B    1  1   1        11111111 1111                            
 0697     01    B    1  0   1        11111110 1111                            
 0698     02    B    1  1   1        11111111 1111                            
 0699     02    B    1  0   1        11111110 1111                            
 0700     03    B    1  1   1        11111111 1111                            
 0701     03    F    1  0   1        11111110 1111                            
 0702     04    F    1  1   1        11111111 1111                            
 0703     04    F    1  0   1        11111110 1111                            
 0704     05    F    1  1   1        11111111 1111                            
 0705     05    0    1  0   1        11111110 1111                            
 0706     06    0    1  1   1        11111111 1111                            
 0707     06    F    1  0   1        11111110 1111                            
 0708     07    F    1  1   1        11111111 1111                            
 0709     07    F    1  0   1        11111110 1111                            
 0710     08    F    1  1   1        11111111 1111                            
 0711     08    8    1  0   1        11111110 1111                            
 0712     09    8    1  1   1        11111111 1111                            
 0713     09    3    1  0   1        11111110 1111                            
 0714     0A    3    1  1   1        11111111 1111                            
 0715     0A    0    1  0   1        11111110 1111                            
 0716     0B    0    1  1   1        11111111 1111                            
 0717     0B    4    1  0   1        11111110 1111                            
 0718     0C    4    1  1   1        11111111 1111                            
 0719     0C    1    1  0   1        11111110 1111                            
 0720     09    F    1  1   0        10111111 1111                            
 0721     09    0    1  1   0        10111111 1111                            
 0722     0A    0    1  1   0        10111111 1111                            
 0723     0A    0    1  1   0        10111111 1111                            
 0724     0B    0    1  1   0        10111111 1111                            
 0725     0B    4    1  1   0        10111111 1111                            
 0726     01    7    1  1   1        11111111 1111                            
 0727     01    0    1  0   1        11111110 1111                            
 0728     02    0    1  1   1        11111111 1111                            
 0729     02    0    1  0   1        11111110 1111                            
 0730     03    0    1  1   1        11111111 1111                            
 0731     03    0    1  0   1        11111110 1111                            
 0732     04    0    1  1   1        11111111 1111                            
 0733     04    0    1  0   1        11111110 1111                            
 0734     05    0    1  1   1        11111111 1111                            
 0735     05    3    1  0   1        11111110 1111                            
 0736     06    3    1  1   1        11111111 1111                            
 0737     06    C    1  0   1        11111110 1111                            
 0738     07    C    1  1   1        11111111 1111                            
 0739     07    0    1  0   1        11111110 1111                            
 0740     08    0    1  1   1        11111111 1111                            
 0741     08    5    1  0   1        11111110 1111                            
 0742     09    5    1  1   1        11111111 1111                            
 0743     09    4    1  0   1        11111110 1111                            
 0744     0A    4    1  1   1        11111111 1111                            
 0745     0A    4    1  0   1        11111110 1111                            
 0746     0B    4    1  1   1        11111111 1111                            
 0747     0B    4    1  0   1        11111110 1111                            
 0748     0C    4    1  1   1        11111111 1111                            
 0749     0C    5    1  0   1        11111110 1111                            
 0750     00    0    1  1   0        10111111 1111                            
 0751     00    0    1  1   0        10111111 1111                            
 0752     03    F    1  1   0        10111111 1111                            
 0753     03    F    1  1   0        10111111 1111                            
 0754     04    F    1  1   0        10111111 1111                            
 0755     04    0    1  1   0        10111111 1111                            
 0756     05    0    1  1   0        10111111 1111                            
 0757     05    9    1  1   0        10111111 1111                            
 0758     0A    4    1  1   1        11111111 1111                            
 0759     0A    0    1  0   1        11111110 1111                            
 0760     0B    0    1  1   1        11111111 1111                            
 0761     0B    2    1  0   1        11111110 1111                            
 0762     0C    2    1  1   1        11111111 1111                            
 0763     0C    1    1  0   1        11111110 1111                            
 0764     01    F    1  1   0        10111111 1111                            
 0765     01    3    1  1   0        10111111 1111                            
 0766     02    3    1  1   0        10111111 1111                            
 0767     02    0    1  1   0        10111111 1111                            
 0768     03    0    1  1   0        10111111 1111                            
 0769     03    E    1  1   0        10111111 1111                            
 0770     00    0    0  1   1        01111111 1111                            
 0771     00    0    0  1   1        01111111 1111                            
 0772     01    F    0  1   1        01111111 1111                            
 0773     01    F    0  1   1        01111111 1111                            
 0774     02    1    0  1   1        01111111 1111                            
 0775     02    1    0  1   1        01111111 1111                            
 0776     03    2    0  1   1        01111111 1111                            
 0777     03    2    0  1   1        01111111 1111                            
 0778     04    3    0  1   1        01111111 1111                            
 0779     04    3    0  1   1        01111111 1111                            
 0780     05    3    0  1   1        01111111 1111                            
 0781     05    3    0  1   1        01111111 1111                            
 0782     06    2    0  1   1        01111111 1111                            
 0783     06    2    0  1   1        01111111 1111                            
 0784     07    3    0  1   1        01111111 1111                            
 0785     07    3    0  1   1        01111111 1111                            
 0786     08    1    0  1   1        01111111 1111                            
 0787     08    1    0  1   1        01111111 1111                            
 0788     09    3    0  1   1        01111111 1111                            
 0789     09    3    0  1   1        01111111 1111                            
 0790     0A    4    0  1   1        01111111 1111                            
 0791     0A    4    0  1   1        01111111 1111                            
 0792     0B    5    0  1   1        01111111 1111                            
 0793     0B    5    0  1   1        01111111 1111                            
 0794     0C    3    0  1   1        01111111 1111                            
 0795     0C    3    0  1   1        01111111 1111                            
 0796     0D    5    0  1   1        01111111 1111                            
 0797     0D    5    0  1   1        01111111 1111                            
 0798     0E    2    0  1   1        01111111 1111                            
 0799     0E    2    0  1   1        01111111 1111                            
 0800     0F    5    0  1   1        01111111 1111                            
 0801     0F    5    0  1   1        01111111 1111                            
 0802     00    4    0  1   1        01111111 1111                            
 0803     00    4    0  1   1        01111111 1111                            
 0804     09    F    1  1   0        10111111 1111                            
 0805     09    0    1  1   0        10111111 1111                            
 0806     0A    0    1  1   0        10111111 1111                            
 0807     0A    0    1  1   0        10111111 1111                            
 0808     0B    0    1  1   0        10111111 1111                            
 0809     0B    0    1  1   0        10111111 1111                            
 0810     01    1    1  1   1        11111111 1111                            
 0811     01    B    1  0   1        11111110 1111                            
 0812     02    B    1  1   1        11111111 1111                            
 0813     02    B    1  0   1        11111110 1111                            
 0814     03    B    1  1   1        11111111 1111                            
 0815     03    F    1  0   1        11111110 1111                            
 0816     04    F    1  1   1        11111111 1111                            
 0817     04    F    1  0   1        11111110 1111                            
 0818     05    F    1  1   1        11111111 1111                            
 0819     05    0    1  0   1        11111110 1111                            
 0820     06    0    1  1   1        11111111 1111                            
 0821     06    F    1  0   1        11111110 1111                            
 0822     07    F    1  1   1        11111111 1111                            
 0823     07    F    1  0   1        11111110 1111                            
 0824     08    F    1  1   1        11111111 1111                            
 0825     08    8    1  0   1        11111110 1111                            
 0826     09    8    1  1   1        11111111 1111                            
 0827     09    3    1  0   1        11111110 1111                            
 0828     0A    3    1  1   1        11111111 1111                            
 0829     0A    0    1  0   1        11111110 1111                            
 0830     0B    0    1  1   1        11111111 1111                            
 0831     0B    4    1  0   1        11111110 1111                            
 0832     0C    4    1  1   1        11111111 1111                            
 0833     0C    1    1  0   1        11111110 1111                            
 0834     09    F    1  1   0        10111111 1111                            
 0835     09    0    1  1   0        10111111 1111                            
 0836     0A    0    1  1   0        10111111 1111                            
 0837     0A    0    1  1   0        10111111 1111                            
 0838     0B    0    1  1   0        10111111 1111                            
 0839     0B    4    1  1   0        10111111 1111                            
 0840     01    2    1  1   1        11111111 1111                            
 0841     01    0    1  0   1        11111110 1111                            
 0842     02    0    1  1   1        11111111 1111                            
 0843     02    0    1  0   1        11111110 1111                            
 0844     03    0    1  1   1        11111111 1111                            
 0845     03    0    1  0   1        11111110 1111                            
 0846     04    0    1  1   1        11111111 1111                            
 0847     04    0    1  0   1        11111110 1111                            
 0848     05    0    1  1   1        11111111 1111                            
 0849     05    3    1  0   1        11111110 1111                            
 0850     06    3    1  1   1        11111111 1111                            
 0851     06    C    1  0   1        11111110 1111                            
 0852     07    C    1  1   1        11111111 1111                            
 0853     07    0    1  0   1        11111110 1111                            
 0854     08    0    1  1   1        11111111 1111                            
 0855     08    5    1  0   1        11111110 1111                            
 0856     09    5    1  1   1        11111111 1111                            
 0857     09    4    1  0   1        11111110 1111                            
 0858     0A    4    1  1   1        11111111 1111                            
 0859     0A    4    1  0   1        11111110 1111                            
 0860     0B    4    1  1   1        11111111 1111                            
 0861     0B    4    1  0   1        11111110 1111                            
 0862     0C    4    1  1   1        11111111 1111                            
 0863     0C    5    1  0   1        11111110 1111                            
 0864     00    0    1  1   0        10111111 1111                            
 0865     00    0    1  1   0        10111111 1111                            
 0866     03    F    1  1   0        10111111 1111                            
 0867     03    F    1  1   0        10111111 1111                            
 0868     04    F    1  1   0        10111111 1111                            
 0869     04    0    1  1   0        10111111 1111                            
 0870     05    0    1  1   0        10111111 1111                            
 0871     05    9    1  1   0        10111111 1111                            
 0872     0A    4    1  1   1        11111111 1111                            
 0873     0A    7    1  0   1        11111110 1111                            
 0874     0B    7    1  1   1        11111111 1111                            
 0875     0B    9    1  0   1        11111110 1111                            
 0876     0C    9    1  1   1        11111111 1111                            
 0877     0C    0    1  0   1        11111110 1111                            
 0878     01    F    1  1   0        10111111 1111                            
 0879     01    0    1  1   0        10111111 1111                            
 0880     02    0    1  1   0        10111111 1111                            
 0881     02    0    1  1   0        10111111 1111                            
 0882     03    0    1  1   0        10111111 1111                            
 0883     03    E    1  1   0        10111111 1111                            
 0884     00    0    0  1   1        01111111 1111                            
 0885     00    0    0  1   1        01111111 1111                            
 0886     01    F    0  1   1        01111111 1111                            
 0887     01    F    0  1   1        01111111 1111                            
 0888     02    4    0  1   1        01111111 1111                            
 0889     02    4    0  1   1        01111111 1111                            
 0890     03    2    0  1   1        01111111 1111                            
 0891     03    2    0  1   1        01111111 1111                            
 0892     04    8    0  1   1        01111111 1111                            
 0893     04    8    0  1   1        01111111 1111                            
 0894     05    2    0  1   1        01111111 1111                            
 0895     05    2    0  1   1        01111111 1111                            
 0896     06    C    0  1   1        01111111 1111                            
 0897     06    C    0  1   1        01111111 1111                            
 0898     07    2    0  1   1        01111111 1111                            
 0899     07    2    0  1   1        01111111 1111                            
 0900     08    8    0  1   1        01111111 1111                            
 0901     08    8    0  1   1        01111111 1111                            
 0902     09    F    0  1   1        01111111 1111                            
 0903     09    F    0  1   1        01111111 1111                            
 0904     0A    7    0  1   1        01111111 1111                            
 0905     0A    7    0  1   1        01111111 1111                            
 0906     0B    1    0  1   1        01111111 1111                            
 0907     0B    1    0  1   1        01111111 1111                            
 0908     0C    8    0  1   1        01111111 1111                            
 0909     0C    8    0  1   1        01111111 1111                            
 0910     0D    1    0  1   1        01111111 1111                            
 0911     0D    1    0  1   1        01111111 1111                            
 0912     0E    6    0  1   1        01111111 1111                            
 0913     0E    6    0  1   1        01111111 1111                            
 0914     0F    1    0  1   1        01111111 1111                            
 0915     0F    1    0  1   1        01111111 1111                            
 0916     00    3    0  1   1        01111111 1111                            
 0917     00    3    0  1   1        01111111 1111                            
 0918     09    F    1  1   0        10111111 1111                            
 0919     09    0    1  1   0        10111111 1111                            
 0920     0A    0    1  1   0        10111111 1111                            
 0921     0A    0    1  1   0        10111111 1111                            
 0922     0B    0    1  1   0        10111111 1111                            
 0923     0B    0    1  1   0        10111111 1111                            
 0924     01    4    1  1   1        11111111 1111                            
 0925     01    B    1  0   1        11111110 1111                            
 0926     02    B    1  1   1        11111111 1111                            
 0927     02    B    1  0   1        11111110 1111                            
 0928     03    B    1  1   1        11111111 1111                            
 0929     03    F    1  0   1        11111110 1111                            
 0930     04    F    1  1   1        11111111 1111                            
 0931     04    F    1  0   1        11111110 1111                            
 0932     05    F    1  1   1        11111111 1111                            
 0933     05    0    1  0   1        11111110 1111                            
 0934     06    0    1  1   1        11111111 1111                            
 0935     06    F    1  0   1        11111110 1111                            
 0936     07    F    1  1   1        11111111 1111                            
 0937     07    F    1  0   1        11111110 1111                            
 0938     08    F    1  1   1        11111111 1111                            
 0939     08    8    1  0   1        11111110 1111                            
 0940     09    8    1  1   1        11111111 1111                            
 0941     09    3    1  0   1        11111110 1111                            
 0942     0A    3    1  1   1        11111111 1111                            
 0943     0A    0    1  0   1        11111110 1111                            
 0944     0B    0    1  1   1        11111111 1111                            
 0945     0B    4    1  0   1        11111110 1111                            
 0946     0C    4    1  1   1        11111111 1111                            
 0947     0C    1    1  0   1        11111110 1111                            
 0948     09    F    1  1   0        10111111 1111                            
 0949     09    0    1  1   0        10111111 1111                            
 0950     0A    0    1  1   0        10111111 1111                            
 0951     0A    0    1  1   0        10111111 1111                            
 0952     0B    0    1  1   0        10111111 1111                            
 0953     0B    4    1  1   0        10111111 1111                            
 0954     01    7    1  1   1        11111111 1111                            
 0955     01    0    1  0   1        11111110 1111                            
 0956     02    0    1  1   1        11111111 1111                            
 0957     02    0    1  0   1        11111110 1111                            
 0958     03    0    1  1   1        11111111 1111                            
 0959     03    0    1  0   1        11111110 1111                            
 0960     04    0    1  1   1        11111111 1111                            
 0961     04    0    1  0   1        11111110 1111                            
 0962     05    0    1  1   1        11111111 1111                            
 0963     05    3    1  0   1        11111110 1111                            
 0964     06    3    1  1   1        11111111 1111                            
 0965     06    C    1  0   1        11111110 1111                            
 0966     07    C    1  1   1        11111111 1111                            
 0967     07    0    1  0   1        11111110 1111                            
 0968     08    0    1  1   1        11111111 1111                            
 0969     08    5    1  0   1        11111110 1111                            
 0970     09    5    1  1   1        11111111 1111                            
 0971     09    4    1  0   1        11111110 1111                            
 0972     0A    4    1  1   1        11111111 1111                            
 0973     0A    4    1  0   1        11111110 1111                            
 0974     0B    4    1  1   1        11111111 1111                            
 0975     0B    4    1  0   1        11111110 1111                            
 0976     0C    4    1  1   1        11111111 1111                            
 0977     0C    5    1  0   1        11111110 1111                            
 0978     09    F    1  1   0        10111111 1111                            
 0979     09    0    1  1   0        10111111 1111                            
 0980     0A    0    1  1   0        10111111 1111                            
 0981     0A    0    1  1   0        10111111 1111                            
 0982     0B    0    1  1   0        10111111 1111                            
 0983     0B    0    1  1   0        10111111 1111                            
 0984     01    B    1  1   1        11111111 1111                            
 0985     01    B    1  0   1        11111110 1111                            
 0986     02    B    1  1   1        11111111 1111                            
 0987     02    B    1  0   1        11111110 1111                            
 0988     03    B    1  1   1        11111111 1111                            
 0989     03    F    1  0   1        11111110 1111                            
 0990     04    F    1  1   1        11111111 1111                            
 0991     04    F    1  0   1        11111110 1111                            
 0992     05    F    1  1   1        11111111 1111                            
 0993     05    0    1  0   1        11111110 1111                            
 0994     06    0    1  1   1        11111111 1111                            
 0995     06    F    1  0   1        11111110 1111                            
 0996     07    F    1  1   1        11111111 1111                            
 0997     07    F    1  0   1        11111110 1111                            
 0998     08    F    1  1   1        11111111 1111                            
 0999     08    8    1  0   1        11111110 1111                            
 1000     09    8    1  1   1        11111111 1111                            
 1001     09    3    1  0   1        11111110 1111                            
 1002     0A    3    1  1   1        11111111 1111                            
 1003     0A    0    1  0   1        11111110 1111                            
 1004     0B    0    1  1   1        11111111 1111                            
 1005     0B    4    1  0   1        11111110 1111                            
 1006     0C    4    1  1   1        11111111 1111                            
 1007     0C    1    1  0   1        11111110 1111                            
 1008     09    F    1  1   0        10111111 1111                            
 1009     09    0    1  1   0        10111111 1111                            
 1010     0A    0    1  1   0        10111111 1111                            
 1011     0A    0    1  1   0        10111111 1111                            
 1012     0B    0    1  1   0        10111111 1111                            
 1013     0B    4    1  1   0        10111111 1111                            
 1014     01    7    1  1   1        11111111 1111                            
 1015     01    0    1  0   1        11111110 1111                            
 1016     02    0    1  1   1        11111111 1111                            
 1017     02    0    1  0   1        11111110 1111                            
 1018     03    0    1  1   1        11111111 1111                            
 1019     03    0    1  0   1        11111110 1111                            
 1020     04    0    1  1   1        11111111 1111                            
 1021     04    0    1  0   1        11111110 1111                            
 1022     05    0    1  1   1        11111111 1111                            
 1023     05    3    1  0   1        11111110 1111                            
 1024     06    3    1  1   1        11111111 1111                            
 1025     06    C    1  0   1        11111110 1111                            
 1026     07    C    1  1   1        11111111 1111                            
 1027     07    0    1  0   1        11111110 1111                            
 1028     08    0    1  1   1        11111111 1111                            
 1029     08    5    1  0   1        11111110 1111                            
 1030     09    5    1  1   1        11111111 1111                            
 1031     09    4    1  0   1        11111110 1111                            
 1032     0A    4    1  1   1        11111111 1111                            
 1033     0A    4    1  0   1        11111110 1111                            
 1034     0B    4    1  1   1        11111111 1111                            
 1035     0B    4    1  0   1        11111110 1111                            
 1036     0C    4    1  1   1        11111111 1111                            
 1037     0C    5    1  0   1        11111110 1111                            
 1038     00    0    1  1   0        10111111 1111                            
 1039     00    0    1  1   0        10111111 1111                            
 1040     03    F    1  1   0        10111111 1111                            
 1041     03    F    1  1   0        10111111 1111                            
 1042     04    F    1  1   0        10111111 1111                            
 1043     04    0    1  1   0        10111111 1111                            
 1044     05    0    1  1   0        10111111 1111                            
 1045     05    9    1  1   0        10111111 1111                            
 1046     0A    4    1  1   1        11111111 1111                            
 1047     0A    9    1  0   1        11111110 1111                            
 1048     0B    9    1  1   1        11111111 1111                            
 1049     0B    9    1  0   1        11111110 1111                            
 1050     0C    9    1  1   1        11111111 1111                            
 1051     0C    0    1  0   1        11111110 1111                            
 1052     01    F    1  1   0        10111111 1111                            
 1053     01    2    1  1   0        10111111 1111                            
 1054     02    2    1  1   0        10111111 1111                            
 1055     02    0    1  1   0        10111111 1111                            
 1056     03    0    1  1   0        10111111 1111                            
 1057     03    E    1  1   0        10111111 1111                            
 1058     00    0    0  1   1        01111111 1111                            
 1059     00    0    0  1   1        01111111 1111                            
 1060     01    E    0  1   1        01111111 1111                            
 1061     01    E    0  1   1        01111111 1111                            
 1062     02    2    0  1   1        01111111 1111                            
 1063     02    2    0  1   1        01111111 1111                            
 1064     03    2    0  1   1        01111111 1111                            
 1065     03    2    0  1   1        01111111 1111                            
 1066     04    6    0  1   1        01111111 1111                            
 1067     04    6    0  1   1        01111111 1111                            
 1068     05    3    0  1   1        01111111 1111                            
 1069     05    3    0  1   1        01111111 1111                            
 1070     06    5    0  1   1        01111111 1111                            
 1071     06    5    0  1   1        01111111 1111                            
 1072     07    3    0  1   1        01111111 1111                            
 1073     07    3    0  1   1        01111111 1111                            
 1074     08    4    0  1   1        01111111 1111                            
 1075     08    4    0  1   1        01111111 1111                            
 1076     09    3    0  1   1        01111111 1111                            
 1077     09    3    0  1   1        01111111 1111                            
 1078     0A    D    0  1   1        01111111 1111                            
 1079     0A    D    0  1   1        01111111 1111                            
 1080     0B    4    0  1   1        01111111 1111                            
 1081     0B    4    0  1   1        01111111 1111                            
 1082     0C    C    0  1   1        01111111 1111                            
 1083     0C    C    0  1   1        01111111 1111                            
 1084     0D    4    0  1   1        01111111 1111                            
 1085     0D    4    0  1   1        01111111 1111                            
 1086     0E    B    0  1   1        01111111 1111                            
 1087     0E    B    0  1   1        01111111 1111                            
 1088     0F    4    0  1   1        01111111 1111                            
 1089     0F    4    0  1   1        01111111 1111                            
 1090     00    E    0  1   1        01111111 1111                            
 1091     00    E    0  1   1        01111111 1111                            
 1092     09    F    1  1   0        10111111 1111                            
 1093     09    0    1  1   0        10111111 1111                            
 1094     0A    0    1  1   0        10111111 1111                            
 1095     0A    0    1  1   0        10111111 1111                            
 1096     0B    0    1  1   0        10111111 1111                            
 1097     0B    0    1  1   0        10111111 1111                            
 1098     01    2    1  1   1        11111111 1111                            
 1099     01    B    1  0   1        11111110 1111                            
 1100     02    B    1  1   1        11111111 1111                            
 1101     02    B    1  0   1        11111110 1111                            
 1102     03    B    1  1   1        11111111 1111                            
 1103     03    F    1  0   1        11111110 1111                            
 1104     04    F    1  1   1        11111111 1111                            
 1105     04    F    1  0   1        11111110 1111                            
 1106     05    F    1  1   1        11111111 1111                            
 1107     05    0    1  0   1        11111110 1111                            
 1108     06    0    1  1   1        11111111 1111                            
 1109     06    F    1  0   1        11111110 1111                            
 1110     07    F    1  1   1        11111111 1111                            
 1111     07    F    1  0   1        11111110 1111                            
 1112     08    F    1  1   1        11111111 1111                            
 1113     08    8    1  0   1        11111110 1111                            
 1114     09    8    1  1   1        11111111 1111                            
 1115     09    3    1  0   1        11111110 1111                            
 1116     0A    3    1  1   1        11111111 1111                            
 1117     0A    0    1  0   1        11111110 1111                            
 1118     0B    0    1  1   1        11111111 1111                            
 1119     0B    4    1  0   1        11111110 1111                            
 1120     0C    4    1  1   1        11111111 1111                            
 1121     0C    1    1  0   1        11111110 1111                            
 1122     09    F    1  1   0        10111111 1111                            
 1123     09    0    1  1   0        10111111 1111                            
 1124     0A    0    1  1   0        10111111 1111                            
 1125     0A    0    1  1   0        10111111 1111                            
 1126     0B    0    1  1   0        10111111 1111                            
 1127     0B    4    1  1   0        10111111 1111                            
 1128     01    D    1  1   1        11111111 1111                            
 1129     01    0    1  0   1        11111110 1111                            
 1130     02    0    1  1   1        11111111 1111                            
 1131     02    0    1  0   1        11111110 1111                            
 1132     03    0    1  1   1        11111111 1111                            
 1133     03    0    1  0   1        11111110 1111                            
 1134     04    0    1  1   1        11111111 1111                            
 1135     04    0    1  0   1        11111110 1111                            
 1136     05    0    1  1   1        11111111 1111                            
 1137     05    3    1  0   1        11111110 1111                            
 1138     06    3    1  1   1        11111111 1111                            
 1139     06    C    1  0   1        11111110 1111                            
 1140     07    C    1  1   1        11111111 1111                            
 1141     07    0    1  0   1        11111110 1111                            
 1142     08    0    1  1   1        11111111 1111                            
 1143     08    5    1  0   1        11111110 1111                            
 1144     09    5    1  1   1        11111111 1111                            
 1145     09    4    1  0   1        11111110 1111                            
 1146     0A    4    1  1   1        11111111 1111                            
 1147     0A    4    1  0   1        11111110 1111                            
 1148     0B    4    1  1   1        11111111 1111                            
 1149     0B    4    1  0   1        11111110 1111                            
 1150     0C    4    1  1   1        11111111 1111                            
 1151     7F    F    0  0   0        00000000 0000                            
 1152     7F    F    0  0   0        00000000 0000                            
 1153     7F    F    0  0   0        00000000 0000                            
 1154     7F    F    0  0   0        00000000 0000                            
 1155     7F    F    0  0   0        00000000 0000                            
 1156     7F    F    0  0   0        00000000 0000                            
 1157     7F    F    0  0   0        00000000 0000                            
 1158     7F    F    0  0   0        00000000 0000                            
 1159     7F    F    0  0   0        00000000 0000                            
 1160     7F    F    0  0   0        00000000 0000                            
 1161     7F    F    0  0   0        00000000 0000                            
 1162     7F    F    0  0   0        00000000 0000                            
 1163     7F    F    0  0   0        00000000 0000                            
 1164     7F    F    0  0   0        00000000 0000                            
 1165     7F    F    0  0   0        00000000 0000                            
 1166     7F    F    0  0   0        00000000 0000                            
 1167     7F    F    0  0   0        00000000 0000                            
 1168     7F    F    0  0   0        00000000 0000                            
 1169     7F    F    0  0   0        00000000 0000                            
 1170     7F    F    0  0   0        00000000 0000                            
 1171     7F    F    0  0   0        00000000 0000                            
 1172     7F    F    0  0   0        00000000 0000                            
 1173     7F    F    0  0   0        00000000 0000                            
 1174     7F    F    0  0   0        00000000 0000                            
 1175     7F    F    0  0   0        00000000 0000                            
 1176     7F    F    0  0   0        00000000 0000                            
 1177     7F    F    0  0   0        00000000 0000                            
 1178     7F    F    0  0   0        00000000 0000                            
 1179     7F    F    0  0   0        00000000 0000                            
 1180     7F    F    0  0   0        00000000 0000                            
 1181     7F    F    0  0   0        00000000 0000                            
 1182     7F    F    0  0   0        00000000 0000                            
 1183     7F    F    0  0   0        00000000 0000                            
 1184     7F    F    0  0   0        00000000 0000                            
 1185     7F    F    0  0   0        00000000 0000                            
 1186     7F    F    0  0   0        00000000 0000                            
 1187     7F    F    0  0   0        00000000 0000                            
 1188     7F    F    0  0   0        00000000 0000                            
 1189     7F    F    0  0   0        00000000 0000                            
 1190     7F    F    0  0   0        00000000 0000                            
 1191     7F    F    0  0   0        00000000 0000                            
 1192     7F    F    0  0   0        00000000 0000                            
 1193     7F    F    0  0   0        00000000 0000                            
 1194     7F    F    0  0   0        00000000 0000                            
 1195     7F    F    0  0   0        00000000 0000                            
 1196     7F    F    0  0   0        00000000 0000                            
 1197     7F    F    0  0   0        00000000 0000                            
 1198     7F    F    0  0   0        00000000 0000                            
 1199     7F    F    0  0   0        00000000 0000                            
